      162.00000 mu s
   0.0010010010   0.0092136057   0.0089591211     -1.5466038
   0.0020020020    0.018228807    0.017819039     -1.6383464
   0.0030030030    0.027121487    0.026580742     -1.6915743
   0.0040040040    0.035900944    0.035245208     -1.7303713
   0.0050050050    0.044572302    0.043813406     -1.7614248
   0.0060060060    0.053139013    0.052286294     -1.7875817
   0.0070070070    0.061603689    0.060664822     -1.8103329
   0.0080080080    0.069968453    0.068949929     -1.8305627
   0.0090090090    0.078235125    0.077142547     -1.8488416
    0.010010010    0.086405315    0.085243596     -1.8655607
    0.011011011    0.094480487    0.093253989     -1.8810002
    0.012012012     0.10246200     0.10117463     -1.8953690
    0.013013013     0.11035111     0.10900641     -1.9088264
    0.014014014     0.11814902     0.11675021     -1.9214978
    0.015015015     0.12585689     0.12440692     -1.9334830
    0.016016016     0.13347582     0.13197739     -1.9448635
    0.017017017     0.14100686     0.13946249     -1.9557062
    0.018018018     0.14845106     0.14686307     -1.9660673
    0.019019019     0.15580940     0.15417998     -1.9759941
    0.020020020     0.16308287     0.16141403     -1.9855271
    0.021021021     0.17027242     0.16856606     -1.9947008
    0.022022022     0.17737898     0.17563689     -2.0035456
    0.023023023     0.18440347     0.18262732     -2.0120877
    0.024024024     0.19134678     0.18953816     -2.0203503
    0.025025025     0.19820979     0.19637020     -2.0283538
    0.026026026     0.20499337     0.20312422     -2.0361164
    0.027027027     0.21169837     0.20980100     -2.0436544
    0.028028028     0.21832563     0.21640130     -2.0509823
    0.029029029     0.22487596     0.22292590     -2.0581133
    0.030030030     0.23135019     0.22937555     -2.0650592
    0.031031031     0.23774911     0.23575098     -2.0718309
    0.032032032     0.24407351     0.24205295     -2.0784381
    0.033033033     0.25032418     0.24828218     -2.0848897
    0.034034034     0.25650187     0.25443939     -2.0911942
    0.035035035     0.26260736     0.26052531     -2.0973588
    0.036036036     0.26864139     0.26654064     -2.1033907
    0.037037037     0.27460469     0.27248609     -2.1092962
    0.038038038     0.28049800     0.27836236     -2.1150813
    0.039039039     0.28632205     0.28417012     -2.1207515
    0.040040040     0.29207754     0.28991007     -2.1263118
    0.041041041     0.29776517     0.29558289     -2.1317671
    0.042042042     0.30338566     0.30118922     -2.1371218
    0.043043043     0.30893967     0.30672976     -2.1423801
    0.044044044     0.31442790     0.31220513     -2.1475458
    0.045045045     0.31985102     0.31761600     -2.1526225
    0.046046046     0.32520968     0.32296301     -2.1576138
    0.047047047     0.33050456     0.32824680     -2.1625228
    0.048048048     0.33573629     0.33346798     -2.1673525
    0.049049049     0.34090552     0.33862720     -2.1721058
    0.050050050     0.34601290     0.34372506     -2.1767854
    0.051051051     0.35105903     0.34876217     -2.1813938
    0.052052052     0.35604456     0.35373914     -2.1859334
    0.053053053     0.36097009     0.35865658     -2.1904066
    0.054054054     0.36583623     0.36351506     -2.1948154
    0.055055055     0.37064359     0.36831519     -2.1991620
    0.056056056     0.37539275     0.37305753     -2.2034482
    0.057057057     0.38008431     0.37774267     -2.2076760
    0.058058058     0.38471886     0.38237118     -2.2118471
    0.059059059     0.38929696     0.38694362     -2.2159631
    0.060060060     0.39381919     0.39146055     -2.2200258
    0.061061061     0.39828611     0.39592252     -2.2240365
    0.062062062     0.40269829     0.40033007     -2.2279968
    0.063063063     0.40705627     0.40468376     -2.2319081
    0.064064064     0.41136060     0.40898412     -2.2357717
    0.065065065     0.41561182     0.41323167     -2.2395888
    0.066066066     0.41981047     0.41742695     -2.2433608
    0.067067067     0.42395708     0.42157047     -2.2470887
    0.068068068     0.42805217     0.42566276     -2.2507738
    0.069069069     0.43209627     0.42970431     -2.2544170
    0.070070070     0.43608987     0.43369564     -2.2580194
    0.071071071     0.44003350     0.43763725     -2.2615821
    0.072072072     0.44392766     0.44152963     -2.2651059
    0.073073073     0.44777284     0.44537327     -2.2685918
    0.074074074     0.45156953     0.44916866     -2.2720407
    0.075075075     0.45531823     0.45291628     -2.2754535
    0.076076076     0.45901942     0.45661660     -2.2788308
    0.077077077     0.46267357     0.46027009     -2.2821737
    0.078078078     0.46628115     0.46387723     -2.2854828
    0.079079079     0.46984264     0.46743847     -2.2887588
    0.080080080     0.47335850     0.47095427     -2.2920025
    0.081081081     0.47682919     0.47442508     -2.2952145
    0.082082082     0.48025515     0.47785136     -2.2983956
    0.083083083     0.48363684     0.48123354     -2.3015463
    0.084084084     0.48697471     0.48457206     -2.3046674
    0.085085085     0.49026919     0.48786736     -2.3077593
    0.086086086     0.49352072     0.49111987     -2.3108226
    0.087087087     0.49672972     0.49433001     -2.3138581
    0.088088088     0.49989663     0.49749821     -2.3168661
    0.089089089     0.50302187     0.50062489     -2.3198472
    0.090090090     0.50610586     0.50371045     -2.3228019
    0.091091091     0.50914901     0.50675532     -2.3257307
    0.092092092     0.51215172     0.50975988     -2.3286342
    0.093093093     0.51511441     0.51272455     -2.3315127
    0.094094094     0.51803747     0.51564973     -2.3343668
    0.095095095     0.52092131     0.51853580     -2.3371968
    0.096096096     0.52376631     0.52138315     -2.3400032
    0.097097097     0.52657287     0.52419217     -2.3427864
    0.098098098     0.52934137     0.52696325     -2.3455468
    0.099099099     0.53207219     0.52969676     -2.3482849
     0.10010010     0.53476570     0.53239307     -2.3510009
     0.10110110     0.53742230     0.53505255     -2.3536953
     0.10210210     0.54004233     0.53767558     -2.3563684
     0.10310310     0.54262617     0.54026251     -2.3590206
     0.10410410     0.54517418     0.54281371     -2.3616522
     0.10510511     0.54768672     0.54532953     -2.3642636
     0.10610611     0.55016415     0.54781032     -2.3668550
     0.10710711     0.55260681     0.55025643     -2.3694269
     0.10810811     0.55501505     0.55266821     -2.3719794
     0.10910911     0.55738923     0.55504599     -2.3745129
     0.11011011     0.55972967     0.55739013     -2.3770278
     0.11111111     0.56203672     0.55970095     -2.3795242
     0.11211211     0.56431072     0.56197878     -2.3820025
     0.11311311     0.56655198     0.56422395     -2.3844629
     0.11411411     0.56876085     0.56643680     -2.3869058
     0.11511512     0.57093763     0.56861763     -2.3893313
     0.11611612     0.57308267     0.57076677     -2.3917397
     0.11711712     0.57519626     0.57288454     -2.3941313
     0.11811812     0.57727873     0.57497124     -2.3965062
     0.11911912     0.57933039     0.57702719     -2.3988648
     0.12012012     0.58135155     0.57905270     -2.4012073
     0.12112112     0.58334251     0.58104806     -2.4035339
     0.12212212     0.58530357     0.58301358     -2.4058448
     0.12312312     0.58723503     0.58494955     -2.4081402
     0.12412412     0.58913719     0.58685627     -2.4104204
     0.12512513     0.59101035     0.58873402     -2.4126855
     0.12612613     0.59285478     0.59058311     -2.4149358
     0.12712713     0.59467078     0.59240381     -2.4171714
     0.12812813     0.59645864     0.59419640     -2.4193926
     0.12912913     0.59821863     0.59596118     -2.4215995
     0.13013013     0.59995103     0.59769840     -2.4237923
     0.13113113     0.60165612     0.59940835     -2.4259712
     0.13213213     0.60333417     0.60109130     -2.4281363
     0.13313313     0.60498546     0.60274752     -2.4302880
     0.13413413     0.60661024     0.60437728     -2.4324262
     0.13513514     0.60820879     0.60598083     -2.4345512
     0.13613614     0.60978136     0.60755844     -2.4366632
     0.13713714     0.61132822     0.60911037     -2.4387622
     0.13813814     0.61284963     0.61063687     -2.4408486
     0.13913914     0.61434583     0.61213819     -2.4429223
     0.14014014     0.61581708     0.61361460     -2.4449836
     0.14114114     0.61726363     0.61506633     -2.4470327
     0.14214214     0.61868572     0.61649363     -2.4490695
     0.14314314     0.62008361     0.61789674     -2.4510944
     0.14414414     0.62145752     0.61927591     -2.4531075
     0.14514515     0.62280771     0.62063138     -2.4551088
     0.14614615     0.62413440     0.62196337     -2.4570985
     0.14714715     0.62543784     0.62327213     -2.4590768
     0.14814815     0.62671825     0.62455788     -2.4610437
     0.14914915     0.62797587     0.62582086     -2.4629995
     0.15015015     0.62921093     0.62706129     -2.4649441
     0.15115115     0.63042364     0.62827939     -2.4668778
     0.15215215     0.63161423     0.62947539     -2.4688007
     0.15315315     0.63278292     0.63064951     -2.4707129
     0.15415415     0.63392994     0.63180197     -2.4726145
     0.15515516     0.63505550     0.63293297     -2.4745056
     0.15615616     0.63615980     0.63404275     -2.4763863
     0.15715716     0.63724307     0.63513150     -2.4782568
     0.15815816     0.63830552     0.63619943     -2.4801171
     0.15915916     0.63934735     0.63724676     -2.4819674
     0.16016016     0.64036877     0.63827369     -2.4838077
     0.16116116     0.64136998     0.63928042     -2.4856382
     0.16216216     0.64235118     0.64026716     -2.4874589
     0.16316316     0.64331258     0.64123409     -2.4892700
     0.16416416     0.64425437     0.64218143     -2.4910716
     0.16516517     0.64517675     0.64310936     -2.4928637
     0.16616617     0.64607991     0.64401808     -2.4946465
     0.16716717     0.64696404     0.64490778     -2.4964200
     0.16816817     0.64782934     0.64577865     -2.4981843
     0.16916917     0.64867598     0.64663087     -2.4999396
     0.17017017     0.64950417     0.64746464     -2.5016859
     0.17117117     0.65031408     0.64828013     -2.5034233
     0.17217217     0.65110589     0.64907753     -2.5051519
     0.17317317     0.65187979     0.64985702     -2.5068717
     0.17417417     0.65263595     0.65061878     -2.5085829
     0.17517518     0.65337456     0.65136298     -2.5102855
     0.17617618     0.65409578     0.65208979     -2.5119797
     0.17717718     0.65479979     0.65279940     -2.5136654
     0.17817818     0.65548676     0.65349197     -2.5153428
     0.17917918     0.65615687     0.65416768     -2.5170120
     0.18018018     0.65681028     0.65482668     -2.5186730
     0.18118118     0.65744715     0.65546915     -2.5203259
     0.18218218     0.65806766     0.65609525     -2.5219707
     0.18318318     0.65867196     0.65670515     -2.5236076
     0.18418418     0.65926022     0.65729900     -2.5252367
     0.18518519     0.65983260     0.65787697     -2.5268579
     0.18618619     0.66038925     0.65843921     -2.5284714
     0.18718719     0.66093034     0.65898588     -2.5300772
     0.18818819     0.66145602     0.65951714     -2.5316753
     0.18918919     0.66196643     0.66003313     -2.5332660
     0.19019019     0.66246175     0.66053402     -2.5348492
     0.19119119     0.66294211     0.66101995     -2.5364250
     0.19219219     0.66340766     0.66149107     -2.5379934
     0.19319319     0.66385856     0.66194753     -2.5395545
     0.19419419     0.66429495     0.66238947     -2.5411084
     0.19519520     0.66471697     0.66281704     -2.5426552
     0.19619620     0.66512477     0.66323038     -2.5441949
     0.19719720     0.66551849     0.66362963     -2.5457275
     0.19819820     0.66589827     0.66401494     -2.5472531
     0.19919920     0.66626424     0.66438644     -2.5487718
     0.20020020     0.66661656     0.66474428     -2.5502837
     0.20120120     0.66695534     0.66508857     -2.5517887
     0.20220220     0.66728074     0.66541947     -2.5532870
     0.20320320     0.66759288     0.66573711     -2.5547785
     0.20420420     0.66789189     0.66604161     -2.5562635
     0.20520521     0.66817791     0.66633311     -2.5577418
     0.20620621     0.66845106     0.66661173     -2.5592136
     0.20720721     0.66871148     0.66687761     -2.5606789
     0.20820821     0.66895929     0.66713088     -2.5621378
     0.20920921     0.66919461     0.66737165     -2.5635902
     0.21021021     0.66941757     0.66760005     -2.5650364
     0.21121121     0.66962830     0.66781621     -2.5664762
     0.21221221     0.66982692     0.66802025     -2.5679098
     0.21321321     0.67001354     0.66821228     -2.5693373
     0.21421421     0.67018829     0.66839243     -2.5707585
     0.21521522     0.67035129     0.66856082     -2.5721737
     0.21621622     0.67050265     0.66871756     -2.5735828
     0.21721722     0.67064249     0.66886277     -2.5749860
     0.21821822     0.67077092     0.66899657     -2.5763831
     0.21921922     0.67088806     0.66911906     -2.5777744
     0.22022022     0.67099403     0.66923036     -2.5791598
     0.22122122     0.67108892     0.66933059     -2.5805393
     0.22222222     0.67117286     0.66941984     -2.5819131
     0.22322322     0.67124595     0.66949824     -2.5832811
     0.22422422     0.67130830     0.66956589     -2.5846435
     0.22522523     0.67136002     0.66962289     -2.5860001
     0.22622623     0.67140121     0.66966936     -2.5873512
     0.22722723     0.67143198     0.66970540     -2.5886967
     0.22822823     0.67145243     0.66973110     -2.5900366
     0.22922923     0.67146267     0.66974658     -2.5913711
     0.23023023     0.67146280     0.66975194     -2.5927001
     0.23123123     0.67145291     0.66974727     -2.5940236
     0.23223223     0.67143312     0.66973268     -2.5953418
     0.23323323     0.67140351     0.66970827     -2.5966547
     0.23423423     0.67136419     0.66967413     -2.5979622
     0.23523524     0.67131525     0.66963036     -2.5992645
     0.23623624     0.67125679     0.66957706     -2.6005616
     0.23723724     0.67118890     0.66951432     -2.6018534
     0.23823824     0.67111168     0.66944223     -2.6031401
     0.23923924     0.67102522     0.66936089     -2.6044217
     0.24024024     0.67092961     0.66927039     -2.6056982
     0.24124124     0.67082495     0.66917083     -2.6069696
     0.24224224     0.67071132     0.66906228     -2.6082360
     0.24324324     0.67058882     0.66894485     -2.6094975
     0.24424424     0.67045753     0.66881862     -2.6107539
     0.24524525     0.67031754     0.66868367     -2.6120055
     0.24624625     0.67016893     0.66854010     -2.6132522
     0.24724725     0.67001180     0.66838799     -2.6144940
     0.24824825     0.66984623     0.66822743     -2.6157310
     0.24924925     0.66967230     0.66805850     -2.6169632
     0.25025025     0.66949010     0.66788127     -2.6181906
     0.25125125     0.66929970     0.66769585     -2.6194134
     0.25225225     0.66910120     0.66750230     -2.6206314
     0.25325325     0.66889467     0.66730071     -2.6218447
     0.25425425     0.66868018     0.66709116     -2.6230535
     0.25525526     0.66845783     0.66687372     -2.6242576
     0.25625626     0.66822769     0.66664848     -2.6254571
     0.25725726     0.66798984     0.66641552     -2.6266521
     0.25825826     0.66774435     0.66617490     -2.6278426
     0.25925926     0.66749130     0.66592672     -2.6290286
     0.26026026     0.66723076     0.66567103     -2.6302101
     0.26126126     0.66696282     0.66540792     -2.6313872
     0.26226226     0.66668754     0.66513747     -2.6325599
     0.26326326     0.66640499     0.66485973     -2.6337282
     0.26426426     0.66611526     0.66457480     -2.6348922
     0.26526527     0.66581841     0.66428273     -2.6360518
     0.26626627     0.66551451     0.66398360     -2.6372072
     0.26726727     0.66520364     0.66367748     -2.6383582
     0.26826827     0.66488586     0.66336444     -2.6395051
     0.26926927     0.66456124     0.66304455     -2.6406477
     0.27027027     0.66422985     0.66271788     -2.6417861
     0.27127127     0.66389175     0.66238449     -2.6429204
     0.27227227     0.66354703     0.66204445     -2.6440505
     0.27327327     0.66319573     0.66169783     -2.6451765
     0.27427427     0.66283793     0.66134469     -2.6462984
     0.27527528     0.66247369     0.66098510     -2.6474162
     0.27627628     0.66210307     0.66061912     -2.6485300
     0.27727728     0.66172615     0.66024681     -2.6496398
     0.27827828     0.66134297     0.65986825     -2.6507456
     0.27927928     0.66095362     0.65948348     -2.6518474
     0.28028028     0.66055813     0.65909258     -2.6529452
     0.28128128     0.66015659     0.65869560     -2.6540392
     0.28228228     0.65974904     0.65829261     -2.6551292
     0.28328328     0.65933555     0.65788366     -2.6562154
     0.28428428     0.65891618     0.65746882     -2.6572977
     0.28528529     0.65849098     0.65704813     -2.6583761
     0.28628629     0.65806002     0.65662167     -2.6594508
     0.28728729     0.65762335     0.65618948     -2.6605217
     0.28828829     0.65718102     0.65575163     -2.6615888
     0.28928929     0.65673311     0.65530818     -2.6626521
     0.29029029     0.65627965     0.65485916     -2.6637117
     0.29129129     0.65582071     0.65440466     -2.6647676
     0.29229229     0.65535634     0.65394470     -2.6658199
     0.29329329     0.65488659     0.65347936     -2.6668685
     0.29429429     0.65441152     0.65300869     -2.6679134
     0.29529530     0.65393119     0.65253273     -2.6689547
     0.29629630     0.65344563     0.65205155     -2.6699924
     0.29729730     0.65295492     0.65156519     -2.6710266
     0.29829830     0.65245909     0.65107370     -2.6720571
     0.29929930     0.65195820     0.65057714     -2.6730842
     0.30030030     0.65145230     0.65007555     -2.6741077
     0.30130130     0.65094145     0.64956899     -2.6751277
     0.30230230     0.65042567     0.64905751     -2.6761442
     0.30330330     0.64990504     0.64854115     -2.6771573
     0.30430430     0.64937960     0.64801996     -2.6781669
     0.30530531     0.64884938     0.64749400     -2.6791731
     0.30630631     0.64831446     0.64696330     -2.6801759
     0.30730731     0.64777486     0.64642793     -2.6811753
     0.30830831     0.64723063     0.64588791     -2.6821713
     0.30930931     0.64668183     0.64534330     -2.6831640
     0.31031031     0.64612849     0.64479415     -2.6841533
     0.31131131     0.64557067     0.64424050     -2.6851393
     0.31231231     0.64500841     0.64368239     -2.6861220
     0.31331331     0.64444175     0.64311987     -2.6871015
     0.31431431     0.64387073     0.64255299     -2.6880777
     0.31531532     0.64329541     0.64198178     -2.6890506
     0.31631632     0.64271581     0.64140629     -2.6900203
     0.31731732     0.64213199     0.64082656     -2.6909868
     0.31831832     0.64154399     0.64024264     -2.6919501
     0.31931932     0.64095185     0.63965457     -2.6929102
     0.32032032     0.64035561     0.63906238     -2.6938672
     0.32132132     0.63975531     0.63846612     -2.6948210
     0.32232232     0.63915099     0.63786583     -2.6957717
     0.32332332     0.63854269     0.63726155     -2.6967192
     0.32432432     0.63793046     0.63665332     -2.6976637
     0.32532533     0.63731433     0.63604117     -2.6986051
     0.32632633     0.63669433     0.63542516     -2.6995434
     0.32732733     0.63607052     0.63480531     -2.7004787
     0.32832833     0.63544292     0.63418166     -2.7014109
     0.32932933     0.63481157     0.63355426     -2.7023402
     0.33033033     0.63417652     0.63292313     -2.7032664
     0.33133133     0.63353780     0.63228833     -2.7041896
     0.33233233     0.63289544     0.63164987     -2.7051099
     0.33333333     0.63224948     0.63100781     -2.7060272
     0.33433433     0.63159996     0.63036217     -2.7069416
     0.33533534     0.63094692     0.62971299     -2.7078530
     0.33633634     0.63029038     0.62906031     -2.7087616
     0.33733734     0.62963038     0.62840415     -2.7096672
     0.33833834     0.62896697     0.62774457     -2.7105699
     0.33933934     0.62830016     0.62708158     -2.7114698
     0.34034034     0.62763000     0.62641523     -2.7123668
     0.34134134     0.62695653     0.62574555     -2.7132610
     0.34234234     0.62627976     0.62507256     -2.7141524
     0.34334334     0.62559974     0.62439631     -2.7150409
     0.34434434     0.62491649     0.62371683     -2.7159267
     0.34534535     0.62423006     0.62303414     -2.7168096
     0.34634635     0.62354047     0.62234828     -2.7176898
     0.34734735     0.62284775     0.62165929     -2.7185672
     0.34834835     0.62215194     0.62096719     -2.7194419
     0.34934935     0.62145306     0.62027201     -2.7203139
     0.35035035     0.62075115     0.61957378     -2.7211831
     0.35135135     0.62004623     0.61887254     -2.7220496
     0.35235235     0.61933834     0.61816832     -2.7229135
     0.35335335     0.61862751     0.61746114     -2.7237746
     0.35435435     0.61791376     0.61675103     -2.7246331
     0.35535536     0.61719713     0.61603803     -2.7254890
     0.35635636     0.61647764     0.61532216     -2.7263422
     0.35735736     0.61575532     0.61460345     -2.7271928
     0.35835836     0.61503020     0.61388193     -2.7280407
     0.35935936     0.61430231     0.61315762     -2.7288861
     0.36036036     0.61357168     0.61243056     -2.7297289
     0.36136136     0.61283832     0.61170078     -2.7305691
     0.36236236     0.61210228     0.61096829     -2.7314067
     0.36336336     0.61136358     0.61023312     -2.7322418
     0.36436436     0.61062224     0.60949531     -2.7330743
     0.36536537     0.60987829     0.60875488     -2.7339043
     0.36636637     0.60913176     0.60801186     -2.7347318
     0.36736737     0.60838267     0.60726626     -2.7355568
     0.36836837     0.60763104     0.60651812     -2.7363792
     0.36936937     0.60687691     0.60576747     -2.7371992
     0.37037037     0.60612030     0.60501432     -2.7380168
     0.37137137     0.60536123     0.60425870     -2.7388318
     0.37237237     0.60459973     0.60350064     -2.7396445
     0.37337337     0.60383582     0.60274016     -2.7404547
     0.37437437     0.60306952     0.60197728     -2.7412624
     0.37537538     0.60230086     0.60121204     -2.7420678
     0.37637638     0.60152987     0.60044444     -2.7428707
     0.37737738     0.60075656     0.59967452     -2.7436713
     0.37837838     0.59998097     0.59890230     -2.7444694
     0.37937938     0.59920310     0.59812780     -2.7452652
     0.38038038     0.59842299     0.59735105     -2.7460587
     0.38138138     0.59764066     0.59657206     -2.7468498
     0.38238238     0.59685612     0.59579086     -2.7476385
     0.38338338     0.59606941     0.59500748     -2.7484249
     0.38438438     0.59528054     0.59422192     -2.7492091
     0.38538539     0.59448954     0.59343423     -2.7499909
     0.38638639     0.59369642     0.59264440     -2.7507704
     0.38738739     0.59290121     0.59185248     -2.7515476
     0.38838839     0.59210393     0.59105847     -2.7523225
     0.38938939     0.59130460     0.59026240     -2.7530952
     0.39039039     0.59050323     0.58946429     -2.7538656
     0.39139139     0.58969986     0.58866416     -2.7546338
     0.39239239     0.58889450     0.58786203     -2.7553998
     0.39339339     0.58808716     0.58705792     -2.7561635
     0.39439439     0.58727788     0.58625185     -2.7569250
     0.39539540     0.58646666     0.58544384     -2.7576843
     0.39639640     0.58565353     0.58463390     -2.7584414
     0.39739740     0.58483851     0.58382206     -2.7591963
     0.39839840     0.58402162     0.58300834     -2.7599490
     0.39939940     0.58320287     0.58219276     -2.7606996
     0.40040040     0.58238228     0.58137533     -2.7614480
     0.40140140     0.58155987     0.58055607     -2.7621943
     0.40240240     0.58073567     0.57973500     -2.7629384
     0.40340340     0.57990968     0.57891214     -2.7636804
     0.40440440     0.57908193     0.57808750     -2.7644203
     0.40540541     0.57825243     0.57726111     -2.7651581
     0.40640641     0.57742121     0.57643298     -2.7658938
     0.40740741     0.57658827     0.57560313     -2.7666273
     0.40840841     0.57575363     0.57477158     -2.7673588
     0.40940941     0.57491732     0.57393834     -2.7680882
     0.41041041     0.57407935     0.57310342     -2.7688156
     0.41141141     0.57323973     0.57226686     -2.7695409
     0.41241241     0.57239849     0.57142865     -2.7702642
     0.41341341     0.57155563     0.57058883     -2.7709854
     0.41441441     0.57071118     0.56974740     -2.7717045
     0.41541542     0.56986515     0.56890438     -2.7724217
     0.41641642     0.56901755     0.56805979     -2.7731369
     0.41741742     0.56816840     0.56721364     -2.7738500
     0.41841842     0.56731773     0.56636595     -2.7745611
     0.41941942     0.56646553     0.56551673     -2.7752703
     0.42042042     0.56561183     0.56466600     -2.7759775
     0.42142142     0.56475665     0.56381378     -2.7766827
     0.42242242     0.56389999     0.56296007     -2.7773860
     0.42342342     0.56304188     0.56210490     -2.7780873
     0.42442442     0.56218232     0.56124827     -2.7787866
     0.42542543     0.56132133     0.56039021     -2.7794840
     0.42642643     0.56045893     0.55953072     -2.7801795
     0.42742743     0.55959513     0.55866983     -2.7808731
     0.42842843     0.55872994     0.55780754     -2.7815647
     0.42942943     0.55786338     0.55694387     -2.7822545
     0.43043043     0.55699546     0.55607883     -2.7829423
     0.43143143     0.55612620     0.55521244     -2.7836283
     0.43243243     0.55525560     0.55434471     -2.7843124
     0.43343343     0.55438368     0.55347565     -2.7849946
     0.43443443     0.55351046     0.55260527     -2.7856749
     0.43543544     0.55263595     0.55173360     -2.7863534
     0.43643644     0.55176016     0.55086064     -2.7870300
     0.43743744     0.55088310     0.54998640     -2.7877048
     0.43843844     0.55000479     0.54911090     -2.7883778
     0.43943944     0.54912524     0.54823416     -2.7890489
     0.44044044     0.54824446     0.54735617     -2.7897182
     0.44144144     0.54736246     0.54647696     -2.7903857
     0.44244244     0.54647925     0.54559654     -2.7910514
     0.44344344     0.54559486     0.54471492     -2.7917153
     0.44444444     0.54470928     0.54383210     -2.7923774
     0.44544545     0.54382254     0.54294812     -2.7930377
     0.44644645     0.54293464     0.54206296     -2.7936963
     0.44744745     0.54204559     0.54117666     -2.7943530
     0.44844845     0.54115541     0.54028921     -2.7950081
     0.44944945     0.54026411     0.53940063     -2.7956613
     0.45045045     0.53937169     0.53851093     -2.7963128
     0.45145145     0.53847818     0.53762013     -2.7969626
     0.45245245     0.53758357     0.53672822     -2.7976107
     0.45345345     0.53668789     0.53583523     -2.7982570
     0.45445445     0.53579114     0.53494117     -2.7989016
     0.45545546     0.53489333     0.53404604     -2.7995445
     0.45645646     0.53399448     0.53314985     -2.8001856
     0.45745746     0.53309459     0.53225263     -2.8008251
     0.45845846     0.53219367     0.53135437     -2.8014629
     0.45945946     0.53129174     0.53045508     -2.8020990
     0.46046046     0.53038881     0.52955479     -2.8027334
     0.46146146     0.52948488     0.52865349     -2.8033662
     0.46246246     0.52857996     0.52775120     -2.8039973
     0.46346346     0.52767407     0.52684792     -2.8046267
     0.46446446     0.52676722     0.52594368     -2.8052545
     0.46546547     0.52585941     0.52503847     -2.8058807
     0.46646647     0.52495065     0.52413230     -2.8065052
     0.46746747     0.52404095     0.52322520     -2.8071280
     0.46846847     0.52313033     0.52231715     -2.8077493
     0.46946947     0.52221879     0.52140819     -2.8083689
     0.47047047     0.52130634     0.52049830     -2.8089869
     0.47147147     0.52039299     0.51958751     -2.8096033
     0.47247247     0.51947875     0.51867582     -2.8102181
     0.47347347     0.51856363     0.51776324     -2.8108313
     0.47447447     0.51764764     0.51684978     -2.8114430
     0.47547548     0.51673078     0.51593545     -2.8120530
     0.47647648     0.51581306     0.51502026     -2.8126615
     0.47747748     0.51489450     0.51410422     -2.8132684
     0.47847848     0.51397510     0.51318732     -2.8138737
     0.47947948     0.51305487     0.51226959     -2.8144775
     0.48048048     0.51213381     0.51135103     -2.8150797
     0.48148148     0.51121195     0.51043165     -2.8156804
     0.48248248     0.51028927     0.50951146     -2.8162795
     0.48348348     0.50936580     0.50859047     -2.8168772
     0.48448448     0.50844154     0.50766867     -2.8174732
     0.48548549     0.50751650     0.50674609     -2.8180678
     0.48648649     0.50659069     0.50582273     -2.8186609
     0.48748749     0.50566411     0.50489859     -2.8192524
     0.48848849     0.50473677     0.50397369     -2.8198424
     0.48948949     0.50380868     0.50304804     -2.8204310
     0.49049049     0.50287984     0.50212163     -2.8210180
     0.49149149     0.50195027     0.50119448     -2.8216036
     0.49249249     0.50101997     0.50026660     -2.8221877
     0.49349349     0.50008896     0.49933798     -2.8227703
     0.49449449     0.49915722     0.49840865     -2.8233514
     0.49549550     0.49822478     0.49747860     -2.8239311
     0.49649650     0.49729164     0.49654785     -2.8245093
     0.49749750     0.49635781     0.49561640     -2.8250861
     0.49849850     0.49542329     0.49468425     -2.8256614
     0.49949950     0.49448809     0.49375142     -2.8262353
     0.50050050     0.49355222     0.49281791     -2.8268077
     0.50150150     0.49261569     0.49188373     -2.8273787
     0.50250250     0.49167849     0.49094889     -2.8279483
     0.50350350     0.49074065     0.49001339     -2.8285165
     0.50450450     0.48980216     0.48907723     -2.8290832
     0.50550551     0.48886303     0.48814043     -2.8296486
     0.50650651     0.48792326     0.48720299     -2.8302125
     0.50750751     0.48698287     0.48626492     -2.8307750
     0.50850851     0.48604186     0.48532622     -2.8313362
     0.50950951     0.48510024     0.48438690     -2.8318959
     0.51051051     0.48415801     0.48344697     -2.8324543
     0.51151151     0.48321517     0.48250642     -2.8330113
     0.51251251     0.48227174     0.48156528     -2.8335669
     0.51351351     0.48132772     0.48062354     -2.8341212
     0.51451451     0.48038312     0.47968122     -2.8346741
     0.51551552     0.47943794     0.47873830     -2.8352256
     0.51651652     0.47849219     0.47779481     -2.8357758
     0.51751752     0.47754587     0.47685075     -2.8363246
     0.51851852     0.47659899     0.47590612     -2.8368721
     0.51951952     0.47565155     0.47496093     -2.8374183
     0.52052052     0.47470357     0.47401519     -2.8379631
     0.52152152     0.47375504     0.47306889     -2.8385066
     0.52252252     0.47280597     0.47212205     -2.8390488
     0.52352352     0.47185637     0.47117467     -2.8395896
     0.52452452     0.47090624     0.47022676     -2.8401292
     0.52552553     0.46995559     0.46927832     -2.8406674
     0.52652653     0.46900442     0.46832936     -2.8412044
     0.52752753     0.46805274     0.46737987     -2.8417400
     0.52852853     0.46710055     0.46642988     -2.8422743
     0.52952953     0.46614787     0.46547938     -2.8428074
     0.53053053     0.46519468     0.46452837     -2.8433391
     0.53153153     0.46424100     0.46357687     -2.8438696
     0.53253253     0.46328683     0.46262488     -2.8443988
     0.53353353     0.46233219     0.46167239     -2.8449268
     0.53453453     0.46137706     0.46071943     -2.8454535
     0.53553554     0.46042146     0.45976599     -2.8459789
     0.53653654     0.45946540     0.45881207     -2.8465030
     0.53753754     0.45850887     0.45785769     -2.8470260
     0.53853854     0.45755188     0.45690284     -2.8475476
     0.53953954     0.45659444     0.45594753     -2.8480680
     0.54054054     0.45563655     0.45499177     -2.8485872
     0.54154154     0.45467822     0.45403555     -2.8491052
     0.54254254     0.45371944     0.45307890     -2.8496219
     0.54354354     0.45276023     0.45212180     -2.8501374
     0.54454454     0.45180059     0.45116426     -2.8506516
     0.54554555     0.45084052     0.45020629     -2.8511647
     0.54654655     0.44988003     0.44924790     -2.8516765
     0.54754755     0.44891912     0.44828907     -2.8521872
     0.54854855     0.44795779     0.44732983     -2.8526966
     0.54954955     0.44699606     0.44637018     -2.8532048
     0.55055055     0.44603391     0.44541011     -2.8537119
     0.55155155     0.44507137     0.44444964     -2.8542177
     0.55255255     0.44410843     0.44348876     -2.8547224
     0.55355355     0.44314509     0.44252748     -2.8552258
     0.55455455     0.44218137     0.44156581     -2.8557281
     0.55555556     0.44121725     0.44060375     -2.8562293
     0.55655656     0.44025276     0.43964130     -2.8567292
     0.55755756     0.43928788     0.43867846     -2.8572280
     0.55855856     0.43832264     0.43771525     -2.8577256
     0.55955956     0.43735702     0.43675166     -2.8582221
     0.56056056     0.43639103     0.43578770     -2.8587174
     0.56156156     0.43542468     0.43482337     -2.8592116
     0.56256256     0.43445797     0.43385867     -2.8597046
     0.56356356     0.43349090     0.43289361     -2.8601965
     0.56456456     0.43252348     0.43192820     -2.8606873
     0.56556557     0.43155572     0.43096243     -2.8611769
     0.56656657     0.43058760     0.42999631     -2.8616654
     0.56756757     0.42961915     0.42902985     -2.8621527
     0.56856857     0.42865035     0.42806304     -2.8626390
     0.56956957     0.42768122     0.42709589     -2.8631241
     0.57057057     0.42671176     0.42612840     -2.8636081
     0.57157157     0.42574197     0.42516059     -2.8640910
     0.57257257     0.42477185     0.42419244     -2.8645728
     0.57357357     0.42380141     0.42322396     -2.8650535
     0.57457457     0.42283066     0.42225516     -2.8655331
     0.57557558     0.42185958     0.42128604     -2.8660116
     0.57657658     0.42088820     0.42031660     -2.8664890
     0.57757758     0.41991650     0.41934685     -2.8669653
     0.57857858     0.41894450     0.41837679     -2.8674406
     0.57957958     0.41797220     0.41740642     -2.8679147
     0.58058058     0.41699960     0.41643575     -2.8683878
     0.58158158     0.41602669     0.41546477     -2.8688598
     0.58258258     0.41505350     0.41449350     -2.8693308
     0.58358358     0.41408001     0.41352193     -2.8698007
     0.58458458     0.41310624     0.41255007     -2.8702695
     0.58558559     0.41213218     0.41157792     -2.8707372
     0.58658659     0.41115783     0.41060548     -2.8712040
     0.58758759     0.41018321     0.40963275     -2.8716696
     0.58858859     0.40920831     0.40865975     -2.8721342
     0.58958959     0.40823314     0.40768647     -2.8725978
     0.59059059     0.40725770     0.40671291     -2.8730603
     0.59159159     0.40628198     0.40573908     -2.8735218
     0.59259259     0.40530601     0.40476498     -2.8739823
     0.59359359     0.40432976     0.40379061     -2.8744418
     0.59459459     0.40335326     0.40281597     -2.8749002
     0.59559560     0.40237650     0.40184108     -2.8753576
     0.59659660     0.40139949     0.40086592     -2.8758139
     0.59759760     0.40042222     0.39989051     -2.8762693
     0.59859860     0.39944470     0.39891484     -2.8767237
     0.59959960     0.39846693     0.39793893     -2.8771770
     0.60060060     0.39748892     0.39696276     -2.8776293
     0.60160160     0.39651067     0.39598634     -2.8780807
     0.60260260     0.39553217     0.39500968     -2.8785310
     0.60360360     0.39455344     0.39403278     -2.8789804
     0.60460460     0.39357447     0.39305564     -2.8794287
     0.60560561     0.39259527     0.39207826     -2.8798761
     0.60660661     0.39161584     0.39110065     -2.8803225
     0.60760761     0.39063618     0.39012280     -2.8807679
     0.60860861     0.38965629     0.38914473     -2.8812123
     0.60960961     0.38867618     0.38816643     -2.8816557
     0.61061061     0.38769585     0.38718790     -2.8820982
     0.61161161     0.38671530     0.38620914     -2.8825397
     0.61261261     0.38573453     0.38523017     -2.8829803
     0.61361361     0.38475355     0.38425098     -2.8834199
     0.61461461     0.38377235     0.38327157     -2.8838585
     0.61561562     0.38279094     0.38229195     -2.8842962
     0.61661662     0.38180933     0.38131211     -2.8847329
     0.61761762     0.38082751     0.38033206     -2.8851687
     0.61861862     0.37984548     0.37935181     -2.8856035
     0.61961962     0.37886325     0.37837135     -2.8860374
     0.62062062     0.37788082     0.37739068     -2.8864703
     0.62162162     0.37689819     0.37640981     -2.8869023
     0.62262262     0.37591537     0.37542875     -2.8873334
     0.62362362     0.37493235     0.37444748     -2.8877635
     0.62462462     0.37394914     0.37346602     -2.8881928
     0.62562563     0.37296574     0.37248436     -2.8886211
     0.62662663     0.37198215     0.37150252     -2.8890484
     0.62762763     0.37099838     0.37052048     -2.8894749
     0.62862863     0.37001442     0.36953825     -2.8899004
     0.62962963     0.36903027     0.36855584     -2.8903251
     0.63063063     0.36804595     0.36757324     -2.8907488
     0.63163163     0.36706145     0.36659046     -2.8911716
     0.63263263     0.36607677     0.36560750     -2.8915935
     0.63363363     0.36509191     0.36462436     -2.8920145
     0.63463463     0.36410688     0.36364104     -2.8924346
     0.63563564     0.36312168     0.36265754     -2.8928538
     0.63663664     0.36213630     0.36167387     -2.8932722
     0.63763764     0.36115076     0.36069003     -2.8936896
     0.63863864     0.36016505     0.35970602     -2.8941062
     0.63963964     0.35917918     0.35872184     -2.8945218
     0.64064064     0.35819314     0.35773750     -2.8949366
     0.64164164     0.35720695     0.35675299     -2.8953506
     0.64264264     0.35622059     0.35576831     -2.8957636
     0.64364364     0.35523407     0.35478347     -2.8961758
     0.64464464     0.35424739     0.35379847     -2.8965871
     0.64564565     0.35326056     0.35281332     -2.8969975
     0.64664665     0.35227358     0.35182800     -2.8974071
     0.64764765     0.35128644     0.35084253     -2.8978158
     0.64864865     0.35029916     0.34985691     -2.8982237
     0.64964965     0.34931172     0.34887113     -2.8986307
     0.65065065     0.34832413     0.34788520     -2.8990368
     0.65165165     0.34733640     0.34689912     -2.8994421
     0.65265265     0.34634853     0.34591290     -2.8998466
     0.65365365     0.34536051     0.34492652     -2.9002502
     0.65465465     0.34437235     0.34394000     -2.9006530
     0.65565566     0.34338405     0.34295334     -2.9010549
     0.65665666     0.34239561     0.34196654     -2.9014560
     0.65765766     0.34140703     0.34097959     -2.9018562
     0.65865866     0.34041831     0.33999251     -2.9022557
     0.65965966     0.33942946     0.33900528     -2.9026543
     0.66066066     0.33844048     0.33801792     -2.9030521
     0.66166166     0.33745137     0.33703043     -2.9034490
     0.66266266     0.33646212     0.33604280     -2.9038452
     0.66366366     0.33547275     0.33505504     -2.9042405
     0.66466466     0.33448324     0.33406714     -2.9046350
     0.66566567     0.33349361     0.33307912     -2.9050287
     0.66666667     0.33250386     0.33209097     -2.9054216
     0.66766767     0.33151398     0.33110269     -2.9058137
     0.66866867     0.33052397     0.33011428     -2.9062049
     0.66966967     0.32953385     0.32912575     -2.9065954
     0.67067067     0.32854360     0.32813709     -2.9069851
     0.67167167     0.32755324     0.32714832     -2.9073740
     0.67267267     0.32656275     0.32615942     -2.9077620
     0.67367367     0.32557215     0.32517040     -2.9081493
     0.67467467     0.32458144     0.32418126     -2.9085358
     0.67567568     0.32359061     0.32319201     -2.9089215
     0.67667668     0.32259966     0.32220263     -2.9093065
     0.67767768     0.32160861     0.32121315     -2.9096906
     0.67867868     0.32061744     0.32022354     -2.9100740
     0.67967968     0.31962616     0.31923383     -2.9104566
     0.68068068     0.31863477     0.31824400     -2.9108384
     0.68168168     0.31764328     0.31725407     -2.9112194
     0.68268268     0.31665168     0.31626402     -2.9115997
     0.68368368     0.31565997     0.31527386     -2.9119792
     0.68468468     0.31466816     0.31428360     -2.9123580
     0.68568569     0.31367624     0.31329323     -2.9127359
     0.68668669     0.31268422     0.31230275     -2.9131131
     0.68768769     0.31169211     0.31131217     -2.9134896
     0.68868869     0.31069989     0.31032149     -2.9138653
     0.68968969     0.30970757     0.30933070     -2.9142403
     0.69069069     0.30871515     0.30833982     -2.9146145
     0.69169169     0.30772263     0.30734883     -2.9149879
     0.69269269     0.30673002     0.30635774     -2.9153606
     0.69369369     0.30573732     0.30536656     -2.9157326
     0.69469469     0.30474452     0.30437528     -2.9161038
     0.69569570     0.30375162     0.30338390     -2.9164743
     0.69669670     0.30275863     0.30239243     -2.9168440
     0.69769770     0.30176555     0.30140086     -2.9172130
     0.69869870     0.30077238     0.30040920     -2.9175813
     0.69969970     0.29977913     0.29941744     -2.9179488
     0.70070070     0.29878578     0.29842560     -2.9183156
     0.70170170     0.29779234     0.29743366     -2.9186817
     0.70270270     0.29679882     0.29644163     -2.9190471
     0.70370370     0.29580521     0.29544952     -2.9194117
     0.70470470     0.29481151     0.29445731     -2.9197757
     0.70570571     0.29381773     0.29346502     -2.9201389
     0.70670671     0.29282387     0.29247265     -2.9205013
     0.70770771     0.29182993     0.29148018     -2.9208631
     0.70870871     0.29083590     0.29048764     -2.9212242
     0.70970971     0.28984179     0.28949501     -2.9215845
     0.71071071     0.28884760     0.28850229     -2.9219442
     0.71171171     0.28785333     0.28750950     -2.9223031
     0.71271271     0.28685899     0.28651662     -2.9226614
     0.71371371     0.28586456     0.28552366     -2.9230189
     0.71471471     0.28487006     0.28453063     -2.9233758
     0.71571572     0.28387548     0.28353751     -2.9237319
     0.71671672     0.28288083     0.28254432     -2.9240874
     0.71771772     0.28188610     0.28155105     -2.9244421
     0.71871872     0.28089130     0.28055770     -2.9247962
     0.71971972     0.27989642     0.27956427     -2.9251496
     0.72072072     0.27890147     0.27857078     -2.9255023
     0.72172172     0.27790646     0.27757720     -2.9258543
     0.72272272     0.27691137     0.27658356     -2.9262056
     0.72372372     0.27591620     0.27558984     -2.9265563
     0.72472472     0.27492097     0.27459605     -2.9269063
     0.72572573     0.27392568     0.27360218     -2.9272556
     0.72672673     0.27293031     0.27260825     -2.9276042
     0.72772773     0.27193487     0.27161425     -2.9279522
     0.72872873     0.27093937     0.27062017     -2.9282994
     0.72972973     0.26994381     0.26962603     -2.9286461
     0.73073073     0.26894817     0.26863182     -2.9289920
     0.73173173     0.26795247     0.26763755     -2.9293373
     0.73273273     0.26695671     0.26664321     -2.9296819
     0.73373373     0.26596089     0.26564880     -2.9300259
     0.73473473     0.26496500     0.26465432     -2.9303692
     0.73573574     0.26396905     0.26365978     -2.9307119
     0.73673674     0.26297304     0.26266518     -2.9310539
     0.73773774     0.26197697     0.26167052     -2.9313952
     0.73873874     0.26098083     0.26067579     -2.9317359
     0.73973974     0.25998464     0.25968100     -2.9320760
     0.74074074     0.25898839     0.25868615     -2.9324154
     0.74174174     0.25799208     0.25769123     -2.9327541
     0.74274274     0.25699571     0.25669626     -2.9330923
     0.74374374     0.25599929     0.25570123     -2.9334297
     0.74474474     0.25500281     0.25470614     -2.9337666
     0.74574575     0.25400627     0.25371099     -2.9341028
     0.74674675     0.25300968     0.25271578     -2.9344383
     0.74774775     0.25201303     0.25172052     -2.9347733
     0.74874875     0.25101633     0.25072520     -2.9351076
     0.74974975     0.25001957     0.24972982     -2.9354412
     0.75075075     0.24902276     0.24873439     -2.9357743
     0.75175175     0.24802590     0.24773890     -2.9361067
     0.75275275     0.24702899     0.24674336     -2.9364385
     0.75375375     0.24603202     0.24574776     -2.9367697
     0.75475475     0.24503500     0.24475211     -2.9371002
     0.75575576     0.24403794     0.24375641     -2.9374302
     0.75675676     0.24304082     0.24276065     -2.9377595
     0.75775776     0.24204365     0.24176484     -2.9380882
     0.75875876     0.24104644     0.24076899     -2.9384163
     0.75975976     0.24004917     0.23977308     -2.9387437
     0.76076076     0.23905186     0.23877712     -2.9390706
     0.76176176     0.23805450     0.23778111     -2.9393969
     0.76276276     0.23705709     0.23678505     -2.9397225
     0.76376376     0.23605964     0.23578895     -2.9400476
     0.76476476     0.23506214     0.23479279     -2.9403720
     0.76576577     0.23406459     0.23379659     -2.9406959
     0.76676677     0.23306700     0.23280034     -2.9410191
     0.76776777     0.23206937     0.23180404     -2.9413418
     0.76876877     0.23107169     0.23080770     -2.9416638
     0.76976977     0.23007396     0.22981131     -2.9419853
     0.77077077     0.22907620     0.22881487     -2.9423061
     0.77177177     0.22807839     0.22781839     -2.9426264
     0.77277277     0.22708053     0.22682187     -2.9429461
     0.77377377     0.22608264     0.22582530     -2.9432652
     0.77477477     0.22508470     0.22482869     -2.9435837
     0.77577578     0.22408673     0.22383203     -2.9439016
     0.77677678     0.22308871     0.22283533     -2.9442190
     0.77777778     0.22209065     0.22183859     -2.9445357
     0.77877878     0.22109255     0.22084181     -2.9448519
     0.77977978     0.22009441     0.21984498     -2.9451675
     0.78078078     0.21909624     0.21884812     -2.9454826
     0.78178178     0.21809802     0.21785121     -2.9457970
     0.78278278     0.21709977     0.21685427     -2.9461109
     0.78378378     0.21610148     0.21585728     -2.9464242
     0.78478478     0.21510315     0.21486025     -2.9467370
     0.78578579     0.21410478     0.21386319     -2.9470491
     0.78678679     0.21310638     0.21286608     -2.9473607
     0.78778779     0.21210794     0.21186894     -2.9476718
     0.78878879     0.21110946     0.21087176     -2.9479823
     0.78978979     0.21011095     0.20987454     -2.9482922
     0.79079079     0.20911241     0.20887729     -2.9486015
     0.79179179     0.20811383     0.20788000     -2.9489103
     0.79279279     0.20711521     0.20688267     -2.9492186
     0.79379379     0.20611656     0.20588530     -2.9495263
     0.79479479     0.20511788     0.20488790     -2.9498334
     0.79579580     0.20411916     0.20389047     -2.9501400
     0.79679680     0.20312041     0.20289300     -2.9504460
     0.79779780     0.20212163     0.20189549     -2.9507515
     0.79879880     0.20112281     0.20089795     -2.9510565
     0.79979980     0.20012397     0.19990038     -2.9513608
     0.80080080     0.19912509     0.19890277     -2.9516647
     0.80180180     0.19812618     0.19790513     -2.9519680
     0.80280280     0.19712724     0.19690745     -2.9522707
     0.80380380     0.19612826     0.19590975     -2.9525730
     0.80480480     0.19512926     0.19491201     -2.9528746
     0.80580581     0.19413023     0.19391424     -2.9531758
     0.80680681     0.19313116     0.19291643     -2.9534764
     0.80780781     0.19213207     0.19191860     -2.9537765
     0.80880881     0.19113295     0.19092073     -2.9540760
     0.80980981     0.19013380     0.18992284     -2.9543750
     0.81081081     0.18913462     0.18892491     -2.9546735
     0.81181181     0.18813541     0.18792696     -2.9549715
     0.81281281     0.18713618     0.18692897     -2.9552689
     0.81381381     0.18613691     0.18593095     -2.9555658
     0.81481481     0.18513762     0.18493291     -2.9558622
     0.81581582     0.18413831     0.18393483     -2.9561580
     0.81681682     0.18313896     0.18293673     -2.9564533
     0.81781782     0.18213959     0.18193860     -2.9567482
     0.81881882     0.18114019     0.18094044     -2.9570424
     0.81981982     0.18014077     0.17994225     -2.9573362
     0.82082082     0.17914132     0.17894404     -2.9576295
     0.82182182     0.17814184     0.17794579     -2.9579222
     0.82282282     0.17714234     0.17694752     -2.9582145
     0.82382382     0.17614282     0.17594923     -2.9585062
     0.82482482     0.17514327     0.17495091     -2.9587974
     0.82582583     0.17414369     0.17395256     -2.9590881
     0.82682683     0.17314409     0.17295418     -2.9593783
     0.82782783     0.17214447     0.17195578     -2.9596680
     0.82882883     0.17114482     0.17095736     -2.9599572
     0.82982983     0.17014516     0.16995890     -2.9602459
     0.83083083     0.16914546     0.16896043     -2.9605341
     0.83183183     0.16814575     0.16796193     -2.9608217
     0.83283283     0.16714601     0.16696340     -2.9611089
     0.83383383     0.16614625     0.16596485     -2.9613956
     0.83483483     0.16514646     0.16496628     -2.9616818
     0.83583584     0.16414666     0.16396768     -2.9619675
     0.83683684     0.16314683     0.16296906     -2.9622527
     0.83783784     0.16214698     0.16197042     -2.9625374
     0.83883884     0.16114711     0.16097175     -2.9628216
     0.83983984     0.16014722     0.15997306     -2.9631053
     0.84084084     0.15914731     0.15897435     -2.9633886
     0.84184184     0.15814737     0.15797561     -2.9636713
     0.84284284     0.15714742     0.15697686     -2.9639536
     0.84384384     0.15614745     0.15597808     -2.9642354
     0.84484484     0.15514745     0.15497928     -2.9645167
     0.84584585     0.15414744     0.15398046     -2.9647975
     0.84684685     0.15314740     0.15298161     -2.9650778
     0.84784785     0.15214735     0.15198275     -2.9653577
     0.84884885     0.15114728     0.15098386     -2.9656370
     0.84984985     0.15014719     0.14998496     -2.9659159
     0.85085085     0.14914708     0.14898603     -2.9661944
     0.85185185     0.14814695     0.14798709     -2.9664723
     0.85285285     0.14714680     0.14698812     -2.9667498
     0.85385385     0.14614664     0.14598913     -2.9670268
     0.85485485     0.14514646     0.14499013     -2.9673033
     0.85585586     0.14414626     0.14399110     -2.9675794
     0.85685686     0.14314604     0.14299206     -2.9678550
     0.85785786     0.14214580     0.14199300     -2.9681301
     0.85885886     0.14114555     0.14099391     -2.9684048
     0.85985986     0.14014528     0.13999481     -2.9686790
     0.86086086     0.13914499     0.13899569     -2.9689527
     0.86186186     0.13814469     0.13799656     -2.9692260
     0.86286286     0.13714437     0.13699740     -2.9694988
     0.86386386     0.13614403     0.13599823     -2.9697711
     0.86486486     0.13514368     0.13499904     -2.9700430
     0.86586587     0.13414331     0.13399983     -2.9703145
     0.86686687     0.13314292     0.13300060     -2.9705855
     0.86786787     0.13214252     0.13200136     -2.9708560
     0.86886887     0.13114210     0.13100210     -2.9711261
     0.86986987     0.13014167     0.13000282     -2.9713957
     0.87087087     0.12914123     0.12900353     -2.9716648
     0.87187187     0.12814076     0.12800421     -2.9719336
     0.87287287     0.12714029     0.12700489     -2.9722018
     0.87387387     0.12613980     0.12600554     -2.9724697
     0.87487487     0.12513929     0.12500618     -2.9727370
     0.87587588     0.12413877     0.12400681     -2.9730040
     0.87687688     0.12313823     0.12300742     -2.9732704
     0.87787788     0.12213769     0.12200801     -2.9735365
     0.87887888     0.12113712     0.12100859     -2.9738021
     0.87987988     0.12013655     0.12000915     -2.9740672
     0.88088088     0.11913596     0.11900970     -2.9743320
     0.88188188     0.11813535     0.11801023     -2.9745962
     0.88288288     0.11713473     0.11701075     -2.9748601
     0.88388388     0.11613410     0.11601125     -2.9751235
     0.88488488     0.11513346     0.11501174     -2.9753864
     0.88588589     0.11413280     0.11401222     -2.9756490
     0.88688689     0.11313213     0.11301268     -2.9759111
     0.88788789     0.11213145     0.11201312     -2.9761728
     0.88888889     0.11113076     0.11101355     -2.9764340
     0.88988989     0.11013005     0.11001397     -2.9766948
     0.89089089     0.10912933     0.10901438     -2.9769552
     0.89189189     0.10812860     0.10801477     -2.9772151
     0.89289289     0.10712786     0.10701514     -2.9774747
     0.89389389     0.10612710     0.10601551     -2.9777338
     0.89489489     0.10512633     0.10501586     -2.9779924
     0.89589590     0.10412556     0.10401620     -2.9782507
     0.89689690     0.10312477     0.10301652     -2.9785085
     0.89789790     0.10212396     0.10201684     -2.9787659
     0.89889890     0.10112315     0.10101713     -2.9790229
     0.89989990     0.10012233     0.10001742     -2.9792795
     0.90090090    0.099121492    0.099017697     -2.9795356
     0.90190190    0.098120646    0.098017960     -2.9797914
     0.90290290    0.097119790    0.097018210     -2.9800467
     0.90390390    0.096118922    0.096018448     -2.9803016
     0.90490490    0.095118044    0.095018675     -2.9805561
     0.90590591    0.094117156    0.094018890     -2.9808102
     0.90690691    0.093116258    0.093019093     -2.9810638
     0.90790791    0.092115349    0.092019284     -2.9813171
     0.90890891    0.091114430    0.091019465     -2.9815699
     0.90990991    0.090113501    0.090019633     -2.9818224
     0.91091091    0.089112562    0.089019791     -2.9820744
     0.91191191    0.088111614    0.088019938     -2.9823260
     0.91291291    0.087110655    0.087020073     -2.9825773
     0.91391391    0.086109688    0.086020198     -2.9828281
     0.91491491    0.085108710    0.085020312     -2.9830785
     0.91591592    0.084107724    0.084020415     -2.9833285
     0.91691692    0.083106728    0.083020508     -2.9835781
     0.91791792    0.082105723    0.082020590     -2.9838273
     0.91891892    0.081104709    0.081020662     -2.9840761
     0.91991992    0.080103686    0.080020724     -2.9843245
     0.92092092    0.079102654    0.079020776     -2.9845725
     0.92192192    0.078101613    0.078020817     -2.9848201
     0.92292292    0.077100564    0.077020849     -2.9850673
     0.92392392    0.076099506    0.076020871     -2.9853142
     0.92492492    0.075098440    0.075020883     -2.9855606
     0.92592593    0.074097365    0.074020885     -2.9858066
     0.92692693    0.073096282    0.073020878     -2.9860523
     0.92792793    0.072095191    0.072020862     -2.9862975
     0.92892893    0.071094092    0.071020836     -2.9865424
     0.92992993    0.070092984    0.070020801     -2.9867869
     0.93093093    0.069091869    0.069020756     -2.9870310
     0.93193193    0.068090746    0.068020703     -2.9872747
     0.93293293    0.067089615    0.067020640     -2.9875180
     0.93393393    0.066088477    0.066020569     -2.9877609
     0.93493493    0.065087331    0.065020489     -2.9880035
     0.93593594    0.064086177    0.064020400     -2.9882456
     0.93693694    0.063085016    0.063020303     -2.9884874
     0.93793794    0.062083848    0.062020197     -2.9887288
     0.93893894    0.061082672    0.061020082     -2.9889698
     0.93993994    0.060081489    0.060019960     -2.9892105
     0.94094094    0.059080299    0.059019828     -2.9894507
     0.94194194    0.058079102    0.058019689     -2.9896906
     0.94294294    0.057077899    0.057019542     -2.9899301
     0.94394394    0.056076688    0.056019386     -2.9901692
     0.94494494    0.055075471    0.055019223     -2.9904080
     0.94594595    0.054074246    0.054019051     -2.9906464
     0.94694695    0.053073016    0.053018872     -2.9908844
     0.94794795    0.052071778    0.052018685     -2.9911220
     0.94894895    0.051070534    0.051018491     -2.9913593
     0.94994995    0.050069284    0.050018288     -2.9915962
     0.95095095    0.049068027    0.049018079     -2.9918327
     0.95195195    0.048066764    0.048017862     -2.9920689
     0.95295295    0.047065495    0.047017637     -2.9923047
     0.95395395    0.046064220    0.046017406     -2.9925401
     0.95495495    0.045062939    0.045017167     -2.9927751
     0.95595596    0.044061652    0.044016921     -2.9930098
     0.95695696    0.043060358    0.043016667     -2.9932442
     0.95795796    0.042059059    0.042016407     -2.9934781
     0.95895896    0.041057755    0.041016140     -2.9937117
     0.95995996    0.040056444    0.040015866     -2.9939450
     0.96096096    0.039055128    0.039015586     -2.9941779
     0.96196196    0.038053806    0.038015298     -2.9944104
     0.96296296    0.037052479    0.037015004     -2.9946425
     0.96396396    0.036051146    0.036014703     -2.9948744
     0.96496496    0.035049807    0.035014396     -2.9951058
     0.96596597    0.034048464    0.034014083     -2.9953369
     0.96696697    0.033047115    0.033013763     -2.9955676
     0.96796797    0.032045761    0.032013436     -2.9957980
     0.96896897    0.031044402    0.031013104     -2.9960280
     0.96996997    0.030043037    0.030012765     -2.9962577
     0.97097097    0.029041668    0.029012420     -2.9964870
     0.97197197    0.028040293    0.028012069     -2.9967160
     0.97297297    0.027038914    0.027011712     -2.9969446
     0.97397397    0.026037530    0.026011349     -2.9971729
     0.97497497    0.025036141    0.025010980     -2.9974008
     0.97597598    0.024034747    0.024010605     -2.9976284
     0.97697698    0.023033348    0.023010224     -2.9978556
     0.97797798    0.022031945    0.022009838     -2.9980825
     0.97897898    0.021030537    0.021009446     -2.9983090
     0.97997998    0.020029125    0.020009048     -2.9985352
     0.98098098    0.019027708    0.019008645     -2.9987611
     0.98198198    0.018026287    0.018008237     -2.9989866
     0.98298298    0.017024861    0.017007822     -2.9992118
     0.98398398    0.016023431    0.016007403     -2.9994366
     0.98498498    0.015021997    0.015006978     -2.9996611
     0.98598599    0.014020558    0.014006548     -2.9998852
     0.98698699    0.013019116    0.013006113     -3.0001090
     0.98798799    0.012017669    0.012005672     -3.0003325
     0.98898899    0.011016218    0.011005227     -3.0005556
     0.98998999    0.010014763    0.010004776     -3.0007784
     0.99099099   0.0090133036   0.0090043200     -3.0010008
     0.99199199   0.0080118406   0.0080038593     -3.0012229
     0.99299299   0.0070103737   0.0070033936     -3.0014447
     0.99399399   0.0060089030   0.0060029231     -3.0016662
     0.99499499   0.0050074284   0.0050024477     -3.0018873
     0.99599600   0.0040059501   0.0040019675     -3.0021081
     0.99699700   0.0030044681   0.0030014826     -3.0023285
     0.99799800   0.0020029823   0.0020009930     -3.0025487
     0.99899900   0.0010014930   0.0010004988     -3.0027685
