      0.0000000     0.11053110      0.0000000            INF
    0.010101010     0.20065612    0.085975546      1.3338743
    0.020202020     0.27949774     0.16272048     0.71765562
    0.030303030     0.34881537     0.23112163     0.50922858
    0.040404040     0.40983123     0.29198065     0.40362463
    0.050505051     0.46351103     0.34602215     0.33954152
    0.060606061     0.51066212     0.39390113     0.29642208
    0.070707071     0.55197894     0.43620966     0.26539824
    0.080808081     0.58806841     0.47348293     0.24200550
    0.090909091     0.61946609     0.50620471     0.22374619
     0.10101010     0.64664749     0.53481229     0.20911112
     0.11111111     0.67003652     0.55970095     0.19713308
     0.12121212     0.69001221     0.58122797     0.18716277
     0.13131313     0.70691416     0.59971634     0.17874753
     0.14141414     0.72104709     0.61545800     0.17156180
     0.15151515     0.73268476     0.62871684     0.16536525
     0.16161616     0.74207333     0.63973141     0.15997639
     0.17171717     0.74943429     0.64871731     0.15525557
     0.18181818     0.75496705     0.65586946     0.15109347
     0.19191919     0.75885123     0.66136404     0.14740322
     0.20202020     0.76124865     0.66536030     0.14411493
     0.21212121     0.76230518     0.66800219     0.14117167
     0.22222222     0.76215232     0.66941984     0.13852663
     0.23232323     0.76090863     0.66973087     0.13614090
     0.24242424     0.75868104     0.66904159     0.13398188
     0.25252525     0.75556601     0.66744811     0.13202209
     0.26262626     0.75165053     0.66503731     0.13023814
     0.27272727     0.74701310     0.66188771     0.12861002
     0.28282828     0.74172453     0.65807028     0.12712054
     0.29292929     0.73584872     0.65364920     0.12575479
     0.30303030     0.72944332     0.64868246     0.12449984
     0.31313131     0.72256035     0.64322248     0.12334438
     0.32323232     0.71524677     0.63731665     0.12227850
     0.33333333     0.70754493     0.63100781     0.12129347
     0.34343434     0.69949307     0.62433467     0.12038159
     0.35353535     0.69112569     0.61733225     0.11953602
     0.36363636     0.68247390     0.61003216     0.11875069
     0.37373737     0.67356582     0.60246302     0.11802018
     0.38383838     0.66442679     0.59465068     0.11733967
     0.39393939     0.65507968     0.58661849     0.11670479
     0.40404040     0.64554513     0.57838758     0.11611167
     0.41414141     0.63584176     0.56997704     0.11555680
     0.42424242     0.62598639     0.56140413     0.11503702
     0.43434343     0.61599416     0.55268445     0.11454946
     0.44444444     0.60587876     0.54383210     0.11409155
     0.45454545     0.59565251     0.53485984     0.11366095
     0.46464646     0.58532656     0.52577916     0.11325552
     0.47474747     0.57491093     0.51660051     0.11287333
     0.48484848     0.56441468     0.50733328     0.11251263
     0.49494949     0.55384597     0.49798599     0.11217180
     0.50505051     0.54321217     0.48856633     0.11184939
     0.51515152     0.53251991     0.47908125     0.11154404
     0.52525253     0.52177517     0.46953704     0.11125455
     0.53535354     0.51098334     0.45993938     0.11097977
     0.54545455     0.50014930     0.45029340     0.11071870
     0.55555556     0.48927741     0.44060375     0.11047038
     0.56565657     0.47837162     0.43087462     0.11023394
     0.57575758     0.46743550     0.42110980     0.11000859
     0.58585859     0.45647224     0.41131273     0.10979360
     0.59595960     0.44548472     0.40148651     0.10958828
     0.60606061     0.43447555     0.39163392     0.10939202
     0.61616162     0.42344705     0.38175752     0.10920423
     0.62626263     0.41240134     0.37185957     0.10902439
     0.63636364     0.40134030     0.36194216     0.10885201
     0.64646465     0.39026564     0.35200716     0.10868664
     0.65656566     0.37917888     0.34205625     0.10852784
     0.66666667     0.36808140     0.33209097     0.10837524
     0.67676768     0.35697444     0.32211268     0.10822846
     0.68686869     0.34585911     0.31212266     0.10808718
     0.69696970     0.33473641     0.30212201     0.10795109
     0.70707071     0.32360722     0.29211176     0.10781989
     0.71717172     0.31247235     0.28209284     0.10769332
     0.72727273     0.30133253     0.27206607     0.10757112
     0.73737374     0.29018839     0.26203222     0.10745306
     0.74747475     0.27904051     0.25199196     0.10733893
     0.75757576     0.26788940     0.24194590     0.10722852
     0.76767677     0.25673554     0.23189461     0.10712163
     0.77777778     0.24557934     0.22183859     0.10701811
     0.78787879     0.23442115     0.21177829     0.10691777
     0.79797980     0.22326132     0.20171412     0.10682047
     0.80808081     0.21210013     0.19164646     0.10672605
     0.81818182     0.20093784     0.18157563     0.10663439
     0.82828283     0.18977469     0.17150195     0.10654535
     0.83838384     0.17861088     0.16142569     0.10645881
     0.84848485     0.16744660     0.15134710     0.10637467
     0.85858586     0.15628200     0.14126639     0.10629282
     0.86868687     0.14511722     0.13118378     0.10621315
     0.87878788     0.13395241     0.12109945     0.10613558
     0.88888889     0.12278765     0.11101355     0.10606001
     0.89898990     0.11162306     0.10092625     0.10598637
     0.90909091     0.10045871    0.090837678     0.10591457
     0.91919192    0.089294682    0.080747953     0.10584454
     0.92929293    0.078131037    0.070657188     0.10577620
     0.93939394    0.066967829    0.060565482     0.10570951
     0.94949495    0.055805108    0.050472927     0.10564438
     0.95959596    0.044642912    0.040379603     0.10558076
     0.96969697    0.033481277    0.030285585     0.10551860
     0.97979798    0.022320232    0.020190939     0.10545784
     0.98989899    0.011159800    0.010095726     0.10539843
      1.0000000      0.0000000  5.8885730E-18      1.0000000
