      19.000000 mu s
    0.010101010     0.20065612    0.085975546     0.12511491
    0.020202020     0.27949774     0.16272048    -0.14408391
    0.030303030     0.34881537     0.23112163    -0.29308723
    0.040404040     0.40983123     0.29198065    -0.39402234
    0.050505051     0.46351103     0.34602215    -0.46910711
    0.060606061     0.51066212     0.39390113    -0.52808945
    0.070707071     0.55197894     0.43620966    -0.57610197
    0.080808081     0.58806841     0.47348293    -0.61617477
    0.090909091     0.61946609     0.50620471    -0.65024435
     0.10101010     0.64664749     0.53481229    -0.67962288
     0.11111111     0.67003652     0.55970095    -0.70524049
     0.12121212     0.69001221     0.58122797    -0.72778053
     0.13131313     0.70691416     0.59971634    -0.74775995
     0.14141414     0.72104709     0.61545800    -0.76557940
     0.15151515     0.73268476     0.62871684    -0.78155576
     0.16161616     0.74207333     0.63973141    -0.79594410
     0.17171717     0.74943429     0.64871731    -0.80895280
     0.18181818     0.75496705     0.65586946    -0.82075432
     0.19191919     0.75885123     0.66136404    -0.83149304
     0.20202020     0.76124865     0.66536030    -0.84129104
     0.21212121     0.76230518     0.66800219    -0.85025243
     0.22222222     0.76215232     0.66941984    -0.85846673
     0.23232323     0.76090863     0.66973087    -0.86601140
     0.24242424     0.75868104     0.66904159    -0.87295392
     0.25252525     0.75556601     0.66744811    -0.87935339
     0.26262626     0.75165053     0.66503731    -0.88526182
     0.27272727     0.74701310     0.66188771    -0.89072518
     0.28282828     0.74172453     0.65807028    -0.89578428
     0.29292929     0.73584872     0.65364920    -0.90047546
     0.30303030     0.72944332     0.64868246    -0.90483121
     0.31313131     0.72256035     0.64322248    -0.90888064
     0.32323232     0.71524677     0.63731665    -0.91264991
     0.33333333     0.70754493     0.63100781    -0.91616259
     0.34343434     0.69949307     0.62433467    -0.91943994
     0.35353535     0.69112569     0.61733225    -0.92250122
     0.36363636     0.68247390     0.61003216    -0.92536386
     0.37373737     0.67356582     0.60246302    -0.92804371
     0.38383838     0.66442679     0.59465068    -0.93055515
     0.39393939     0.65507968     0.58661849    -0.93291131
     0.40404040     0.64554513     0.57838758    -0.93512411
     0.41414141     0.63584176     0.56997704    -0.93720448
     0.42424242     0.62598639     0.56140413    -0.93916239
     0.43434343     0.61599416     0.55268445    -0.94100694
     0.44444444     0.60587876     0.54383210    -0.94274650
     0.45454545     0.59565251     0.53485984    -0.94438872
     0.46464646     0.58532656     0.52577916    -0.94594062
     0.47474747     0.57491093     0.51660051    -0.94740864
     0.48484848     0.56441468     0.50733328    -0.94879872
     0.49494949     0.55384597     0.49798599    -0.95011630
     0.50505051     0.54321217     0.48856633    -0.95136639
     0.51515152     0.53251991     0.47908125    -0.95255362
     0.52525253     0.52177517     0.46953704    -0.95368224
     0.53535354     0.51098334     0.45993938    -0.95475616
     0.54545455     0.50014930     0.45029340    -0.95577902
     0.55555556     0.48927741     0.44060375    -0.95675416
     0.56565657     0.47837162     0.43087462    -0.95768466
     0.57575758     0.46743550     0.42110980    -0.95857339
     0.58585859     0.45647224     0.41131273    -0.95942299
     0.59595960     0.44548472     0.40148651    -0.96023589
     0.60606061     0.43447555     0.39163392    -0.96101437
     0.61616162     0.42344705     0.38175752    -0.96176053
     0.62626263     0.41240134     0.37185957    -0.96247632
     0.63636364     0.40134030     0.36194216    -0.96316353
     0.64646465     0.39026564     0.35200716    -0.96382385
     0.65656566     0.37917888     0.34205625    -0.96445884
     0.66666667     0.36808140     0.33209097    -0.96506995
     0.67676768     0.35697444     0.32211268    -0.96565851
     0.68686869     0.34585911     0.31212266    -0.96622580
     0.69696970     0.33473641     0.30212201    -0.96677297
     0.70707071     0.32360722     0.29211176    -0.96730111
     0.71717172     0.31247235     0.28209284    -0.96781125
     0.72727273     0.30133253     0.27206607    -0.96830432
     0.73737374     0.29018839     0.26203222    -0.96878121
     0.74747475     0.27904051     0.25199196    -0.96924275
     0.75757576     0.26788940     0.24194590    -0.96968971
     0.76767677     0.25673554     0.23189461    -0.97012281
     0.77777778     0.24557934     0.22183859    -0.97054273
     0.78787879     0.23442115     0.21177829    -0.97095011
     0.79797980     0.22326132     0.20171412    -0.97134554
     0.80808081     0.21210013     0.19164646    -0.97172957
     0.81818182     0.20093784     0.18157563    -0.97210273
     0.82828283     0.18977469     0.17150195    -0.97246551
     0.83838384     0.17861088     0.16142569    -0.97281838
     0.84848485     0.16744660     0.15134710    -0.97316176
     0.85858586     0.15628200     0.14126639    -0.97349607
     0.86868687     0.14511722     0.13118378    -0.97382170
     0.87878788     0.13395241     0.12109945    -0.97413900
     0.88888889     0.12278765     0.11101355    -0.97444832
     0.89898990     0.11162306     0.10092625    -0.97474999
     0.90909091     0.10045871    0.090837678    -0.97504430
     0.91919192    0.089294682    0.080747953    -0.97533156
     0.92929293    0.078131037    0.070657188    -0.97561202
     0.93939394    0.066967829    0.060565482    -0.97588596
     0.94949495    0.055805108    0.050472927    -0.97615361
     0.95959596    0.044642912    0.040379603    -0.97641521
     0.96969697    0.033481277    0.030285585    -0.97667098
     0.97979798    0.022320232    0.020190939    -0.97692113
     0.98989899    0.011159800    0.010095726    -0.97716586
