      20.000000 mu s
    0.010101010    0.086003359    0.085975546     -3.4901368
    0.020202020     0.16278394     0.16272048     -3.4088798
    0.030303030     0.23122785     0.23112163     -3.3376484
    0.040404040     0.29213602     0.29198065     -3.2739772
    0.050505051     0.34623247     0.34602215     -3.2162150
    0.060606061     0.39417164     0.39390113     -3.1632013
    0.070707071     0.43654509     0.43620966     -3.1140894
    0.080808081     0.47388757     0.47348293     -3.0682424
    0.090909091     0.50668242     0.50620471     -3.0251690
     0.10101010     0.53536656     0.53481229     -2.9844824
     0.11111111     0.56033494     0.55970095     -2.9458722
     0.12121212     0.58194455     0.58122797     -2.9090854
     0.13131313     0.60051808     0.59971634     -2.8739132
     0.14141414     0.61634724     0.61545800     -2.8401809
     0.15151515     0.62969569     0.62871684     -2.8077410
     0.16161616     0.64080177     0.63973141     -2.7764673
     0.17171717     0.64988091     0.64871731     -2.7462515
     0.18181818     0.65712786     0.65586946     -2.7169991
     0.19191919     0.66271865     0.66136404     -2.6886277
     0.20202020     0.66681239     0.66536030     -2.6610647
     0.21212121     0.66955291     0.66800219     -2.6342455
     0.22222222     0.67107023     0.66941984     -2.6081125
     0.23232323     0.67148187     0.66973087     -2.5826142
     0.24242424     0.67089405     0.66904159     -2.5577039
     0.25252525     0.66940281     0.66744811     -2.5333392
     0.26262626     0.66709493     0.66503731     -2.5094815
     0.27272727     0.66404888     0.66188771     -2.4860955
     0.28282828     0.66033557     0.65807028     -2.4631486
     0.29292929     0.65601912     0.65364920     -2.4406105
     0.30303030     0.65115748     0.64868246     -2.4184535
     0.31313131     0.64580301     0.64322248     -2.3966513
     0.32323232     0.64000308     0.63731665     -2.3751796
     0.33333333     0.63380047     0.63100781     -2.3540154
     0.34343434     0.62723389     0.62433467     -2.3331370
     0.35353535     0.62033829     0.61733225     -2.3125239
     0.36363636     0.61314529     0.61003216     -2.2921566
     0.37373737     0.60568345     0.60246302     -2.2720165
     0.38383838     0.59797862     0.59465068     -2.2520857
     0.39393939     0.59005413     0.58661849     -2.2323471
     0.40404040     0.58193109     0.57838758     -2.2127842
     0.41414141     0.57362858     0.56997704     -2.1933810
     0.42424242     0.56516383     0.56140413     -2.1741220
     0.43434343     0.55655244     0.55268445     -2.1549919
     0.44444444     0.54780849     0.54383210     -2.1359760
     0.45454545     0.53894473     0.53485984     -2.1170596
     0.46464646     0.52997265     0.52577916     -2.0982285
     0.47474747     0.52090267     0.51660051     -2.0794683
     0.48484848     0.51174419     0.50733328     -2.0607651
     0.49494949     0.50250572     0.49798599     -2.0421046
     0.50505051     0.49319494     0.48856633     -2.0234728
     0.51515152     0.48381880     0.47908125     -2.0048555
     0.52525253     0.47438357     0.46953704     -1.9862385
     0.53535354     0.46489494     0.45993938     -1.9676072
     0.54545455     0.45535804     0.45029340     -1.9489469
     0.55555556     0.44577750     0.44060375     -1.9302426
     0.56565657     0.43615751     0.43087462     -1.9114789
     0.57575758     0.42650187     0.42110980     -1.8926398
     0.58585859     0.41681401     0.41131273     -1.8737090
     0.59595960     0.40709700     0.40148651     -1.8546695
     0.60606061     0.39735367     0.39163392     -1.8355034
     0.61616162     0.38758653     0.38175752     -1.8161923
     0.62626263     0.37779788     0.37185957     -1.7967165
     0.63636364     0.36798977     0.36194216     -1.7770555
     0.64646465     0.35816409     0.35200716     -1.7571875
     0.65656566     0.34832251     0.34205625     -1.7370891
     0.66666667     0.33846657     0.33209097     -1.7167357
     0.67676768     0.32859765     0.32211268     -1.6961005
     0.68686869     0.31871698     0.31212266     -1.6751548
     0.69696970     0.30882571     0.30212201     -1.6538677
     0.70707071     0.29892485     0.29211176     -1.6322053
     0.71717172     0.28901531     0.28209284     -1.6101307
     0.72727273     0.27909795     0.27206607     -1.5876034
     0.73737374     0.26917350     0.26203222     -1.5645789
     0.74747475     0.25924264     0.25199196     -1.5410077
     0.75757576     0.24930600     0.24194590     -1.5168347
     0.76767677     0.23936413     0.23189461     -1.4919983
     0.77777778     0.22941753     0.22183859     -1.4664288
     0.78787879     0.21946665     0.21177829     -1.4400476
     0.79797980     0.20951191     0.20171412     -1.4127647
     0.80808081     0.19955368     0.19164646     -1.3844768
     0.81818182     0.18959229     0.18157563     -1.3550643
     0.82828283     0.17962805     0.17150195     -1.3243872
     0.83838384     0.16966123     0.16142569     -1.2922809
     0.84848485     0.15969207     0.15134710     -1.2585491
     0.85858586     0.14972081     0.14126639     -1.2229552
     0.86868687     0.13974764     0.13118378     -1.1852105
     0.87878788     0.12977275     0.12109945     -1.1449574
     0.88888889     0.11979631     0.11101355     -1.1017452
     0.89898990     0.10981846     0.10092625     -1.0549948
     0.90909091    0.099839331    0.090837678     -1.0039438
     0.91919192    0.089859057    0.080747953    -0.94756053
     0.92929293    0.079877743    0.070657188    -0.88439928
     0.93939394    0.069895489    0.060565482    -0.81234319
     0.94949495    0.059912387    0.050472927    -0.72811133
     0.95959596    0.049928517    0.040379603    -0.62620807
     0.96969697    0.039943953    0.030285585    -0.49633222
     0.97979798    0.029958762    0.020190939    -0.31535875
     0.98989899    0.019973004    0.010095726  -0.0095002810
