      144.00000 mu s
   0.0010010010   0.0089600467   0.0089591211     -3.9858015
   0.0020020020    0.017820891    0.017819039     -3.9831961
   0.0030030030    0.026583521    0.026580742     -3.9805947
   0.0040040040    0.035248916    0.035245208     -3.9779975
   0.0050050050    0.043818042    0.043813406     -3.9754042
   0.0060060060    0.052291860    0.052286294     -3.9728150
   0.0070070070    0.060671319    0.060664822     -3.9702298
   0.0080080080    0.068957358    0.068949929     -3.9676485
   0.0090090090    0.077150907    0.077142547     -3.9650713
    0.010010010    0.085252889    0.085243596     -3.9624980
    0.011011011    0.093264215    0.093253989     -3.9599287
    0.012012012     0.10118579     0.10117463     -3.9573633
    0.013013013     0.10901850     0.10900641     -3.9548019
    0.014014014     0.11676324     0.11675021     -3.9522443
    0.015015015     0.12442088     0.12440692     -3.9496907
    0.016016016     0.13199230     0.13197739     -3.9471410
    0.017017017     0.13947834     0.13946249     -3.9445952
    0.018018018     0.14687986     0.14686307     -3.9420532
    0.019019019     0.15419770     0.15417998     -3.9395151
    0.020020020     0.16143269     0.16141403     -3.9369809
    0.021021021     0.16858567     0.16856606     -3.9344504
    0.022022022     0.17565744     0.17563689     -3.9319239
    0.023023023     0.18264881     0.18262732     -3.9294011
    0.024024024     0.18956059     0.18953816     -3.9268821
    0.025025025     0.19639357     0.19637020     -3.9243669
    0.026026026     0.20314853     0.20312422     -3.9218555
    0.027027027     0.20982626     0.20980100     -3.9193479
    0.028028028     0.21642751     0.21640130     -3.9168440
    0.029029029     0.22295306     0.22292590     -3.9143439
    0.030030030     0.22940365     0.22937555     -3.9118475
    0.031031031     0.23578003     0.23575098     -3.9093548
    0.032032032     0.24208294     0.24205295     -3.9068658
    0.033033033     0.24831312     0.24828218     -3.9043806
    0.034034034     0.25447128     0.25443939     -3.9018990
    0.035035035     0.26055815     0.26052531     -3.8994211
    0.036036036     0.26657444     0.26654064     -3.8969468
    0.037037037     0.27252084     0.27248609     -3.8944763
    0.038038038     0.27839805     0.27836236     -3.8920093
    0.039039039     0.28420677     0.28417012     -3.8895460
    0.040040040     0.28994767     0.28991007     -3.8870864
    0.041041041     0.29562144     0.29558289     -3.8846303
    0.042042042     0.30122873     0.30118922     -3.8821778
    0.043043043     0.30677022     0.30672976     -3.8797290
    0.044044044     0.31224655     0.31220513     -3.8772837
    0.045045045     0.31765837     0.31761600     -3.8748420
    0.046046046     0.32300634     0.32296301     -3.8724038
    0.047047047     0.32829108     0.32824680     -3.8699692
    0.048048048     0.33351322     0.33346798     -3.8675382
    0.049049049     0.33867339     0.33862720     -3.8651107
    0.050050050     0.34377221     0.34372506     -3.8626866
    0.051051051     0.34881028     0.34876217     -3.8602661
    0.052052052     0.35378821     0.35373914     -3.8578491
    0.053053053     0.35870661     0.35865658     -3.8554356
    0.054054054     0.36356605     0.36351506     -3.8530256
    0.055055055     0.36836714     0.36831519     -3.8506190
    0.056056056     0.37311045     0.37305753     -3.8482159
    0.057057057     0.37779655     0.37774267     -3.8458163
    0.058058058     0.38242602     0.38237118     -3.8434200
    0.059059059     0.38699942     0.38694362     -3.8410272
    0.060060060     0.39151731     0.39146055     -3.8386379
    0.061061061     0.39598024     0.39592252     -3.8362519
    0.062062062     0.40038876     0.40033007     -3.8338693
    0.063063063     0.40474341     0.40468376     -3.8314902
    0.064064064     0.40904473     0.40898412     -3.8291144
    0.065065065     0.41329325     0.41323167     -3.8267419
    0.066066066     0.41748950     0.41742695     -3.8243729
    0.067067067     0.42163399     0.42157047     -3.8220072
    0.068068068     0.42572724     0.42566276     -3.8196448
    0.069069069     0.42976976     0.42970431     -3.8172857
    0.070070070     0.43376206     0.43369564     -3.8149300
    0.071071071     0.43770463     0.43763725     -3.8125776
    0.072072072     0.44159798     0.44152963     -3.8102285
    0.073073073     0.44544259     0.44537327     -3.8078827
    0.074074074     0.44923895     0.44916866     -3.8055401
    0.075075075     0.45298753     0.45291628     -3.8032009
    0.076076076     0.45668882     0.45661660     -3.8008649
    0.077077077     0.46034329     0.46027009     -3.7985321
    0.078078078     0.46395140     0.46387723     -3.7962026
    0.079079079     0.46751361     0.46743847     -3.7938764
    0.080080080     0.47103038     0.47095427     -3.7915533
    0.081081081     0.47450216     0.47442508     -3.7892335
    0.082082082     0.47792941     0.47785136     -3.7869169
    0.083083083     0.48131256     0.48123354     -3.7846035
    0.084084084     0.48465205     0.48457206     -3.7822933
    0.085085085     0.48794833     0.48786736     -3.7799862
    0.086086086     0.49120181     0.49111987     -3.7776824
    0.087087087     0.49441293     0.49433001     -3.7753817
    0.088088088     0.49758210     0.49749821     -3.7730841
    0.089089089     0.50070975     0.50062489     -3.7707897
    0.090090090     0.50379629     0.50371045     -3.7684985
    0.091091091     0.50684213     0.50675532     -3.7662103
    0.092092092     0.50984767     0.50975988     -3.7639253
    0.093093093     0.51281332     0.51272455     -3.7616434
    0.094094094     0.51573947     0.51564973     -3.7593645
    0.095095095     0.51862651     0.51853580     -3.7570888
    0.096096096     0.52147484     0.52138315     -3.7548162
    0.097097097     0.52428484     0.52419217     -3.7525466
    0.098098098     0.52705690     0.52696325     -3.7502801
    0.099099099     0.52979138     0.52969676     -3.7480166
     0.10010010     0.53248867     0.53239307     -3.7457562
     0.10110110     0.53514913     0.53505255     -3.7434988
     0.10210210     0.53777314     0.53767558     -3.7412445
     0.10310310     0.54036105     0.54026251     -3.7389931
     0.10410410     0.54291323     0.54281371     -3.7367448
     0.10510511     0.54543003     0.54532953     -3.7344995
     0.10610611     0.54791179     0.54781032     -3.7322572
     0.10710711     0.55035889     0.55025643     -3.7300178
     0.10810811     0.55277164     0.55266821     -3.7277815
     0.10910911     0.55515041     0.55504599     -3.7255481
     0.11011011     0.55749553     0.55739013     -3.7233176
     0.11111111     0.55980733     0.55970095     -3.7210901
     0.11211211     0.56208614     0.56197878     -3.7188656
     0.11311311     0.56433230     0.56422395     -3.7166439
     0.11411411     0.56654612     0.56643680     -3.7144252
     0.11511512     0.56872794     0.56861763     -3.7122095
     0.11611612     0.57087806     0.57076677     -3.7099966
     0.11711712     0.57299681     0.57288454     -3.7077866
     0.11811812     0.57508450     0.57497124     -3.7055795
     0.11911912     0.57714144     0.57702719     -3.7033753
     0.12012012     0.57916792     0.57905270     -3.7011739
     0.12112112     0.58116427     0.58104806     -3.6989754
     0.12212212     0.58313077     0.58301358     -3.6967798
     0.12312312     0.58506772     0.58494955     -3.6945870
     0.12412412     0.58697543     0.58685627     -3.6923971
     0.12512513     0.58885417     0.58873402     -3.6902100
     0.12612613     0.59070424     0.59058311     -3.6880257
     0.12712713     0.59252593     0.59240381     -3.6858442
     0.12812813     0.59431951     0.59419640     -3.6836655
     0.12912913     0.59608526     0.59596118     -3.6814896
     0.13013013     0.59782347     0.59769840     -3.6793165
     0.13113113     0.59953441     0.59940835     -3.6771462
     0.13213213     0.60121835     0.60109130     -3.6749786
     0.13313313     0.60287556     0.60274752     -3.6728138
     0.13413413     0.60450630     0.60437728     -3.6706518
     0.13513514     0.60611083     0.60598083     -3.6684925
     0.13613614     0.60768943     0.60755844     -3.6663359
     0.13713714     0.60924235     0.60911037     -3.6641821
     0.13813814     0.61076984     0.61063687     -3.6620310
     0.13913914     0.61227215     0.61213819     -3.6598826
     0.14014014     0.61374954     0.61361460     -3.6577369
     0.14114114     0.61520226     0.61506633     -3.6555938
     0.14214214     0.61663055     0.61649363     -3.6534535
     0.14314314     0.61803465     0.61789674     -3.6513159
     0.14414414     0.61941481     0.61927591     -3.6491809
     0.14514515     0.62077127     0.62063138     -3.6470486
     0.14614615     0.62210425     0.62196337     -3.6449189
     0.14714715     0.62341400     0.62327213     -3.6427919
     0.14814815     0.62470074     0.62455788     -3.6406675
     0.14914915     0.62596471     0.62582086     -3.6385457
     0.15015015     0.62720612     0.62706129     -3.6364266
     0.15115115     0.62842522     0.62827939     -3.6343100
     0.15215215     0.62962221     0.62947539     -3.6321961
     0.15315315     0.63079732     0.63064951     -3.6300848
     0.15415415     0.63195077     0.63180197     -3.6279760
     0.15515516     0.63308277     0.63293297     -3.6258698
     0.15615616     0.63419353     0.63404275     -3.6237662
     0.15715716     0.63528327     0.63513150     -3.6216652
     0.15815816     0.63635220     0.63619943     -3.6195667
     0.15915916     0.63740052     0.63724676     -3.6174707
     0.16016016     0.63842844     0.63827369     -3.6153773
     0.16116116     0.63943616     0.63928042     -3.6132864
     0.16216216     0.64042389     0.64026716     -3.6111981
     0.16316316     0.64139182     0.64123409     -3.6091122
     0.16416416     0.64234015     0.64218143     -3.6070289
     0.16516517     0.64326907     0.64310936     -3.6049480
     0.16616617     0.64417879     0.64401808     -3.6028697
     0.16716717     0.64506948     0.64490778     -3.6007938
     0.16816817     0.64594134     0.64577865     -3.5987204
     0.16916917     0.64679456     0.64663087     -3.5966494
     0.17017017     0.64762932     0.64746464     -3.5945809
     0.17117117     0.64844580     0.64828013     -3.5925149
     0.17217217     0.64924420     0.64907753     -3.5904512
     0.17317317     0.65002468     0.64985702     -3.5883901
     0.17417417     0.65078743     0.65061878     -3.5863313
     0.17517518     0.65153262     0.65136298     -3.5842749
     0.17617618     0.65226044     0.65208979     -3.5822210
     0.17717718     0.65297104     0.65279940     -3.5801695
     0.17817818     0.65366460     0.65349197     -3.5781203
     0.17917918     0.65434130     0.65416768     -3.5760735
     0.18018018     0.65500130     0.65482668     -3.5740291
     0.18118118     0.65564477     0.65546915     -3.5719871
     0.18218218     0.65627186     0.65609525     -3.5699474
     0.18318318     0.65688275     0.65670515     -3.5679101
     0.18418418     0.65747760     0.65729900     -3.5658751
     0.18518519     0.65805656     0.65787697     -3.5638424
     0.18618619     0.65861980     0.65843921     -3.5618121
     0.18718719     0.65916747     0.65898588     -3.5597841
     0.18818819     0.65969972     0.65951714     -3.5577584
     0.18918919     0.66021671     0.66003313     -3.5557349
     0.19019019     0.66071860     0.66053402     -3.5537138
     0.19119119     0.66120552     0.66101995     -3.5516950
     0.19219219     0.66167764     0.66149107     -3.5496784
     0.19319319     0.66213509     0.66194753     -3.5476642
     0.19419419     0.66257803     0.66238947     -3.5456521
     0.19519520     0.66300660     0.66281704     -3.5436423
     0.19619620     0.66342094     0.66323038     -3.5416348
     0.19719720     0.66382119     0.66362963     -3.5396295
     0.19819820     0.66420750     0.66401494     -3.5376264
     0.19919920     0.66458000     0.66438644     -3.5356256
     0.20020020     0.66493882     0.66474428     -3.5336269
     0.20120120     0.66528412     0.66508857     -3.5316305
     0.20220220     0.66561602     0.66541947     -3.5296363
     0.20320320     0.66593465     0.66573711     -3.5276442
     0.20420420     0.66624015     0.66604161     -3.5256543
     0.20520521     0.66653264     0.66633311     -3.5236666
     0.20620621     0.66681227     0.66661173     -3.5216811
     0.20720721     0.66707915     0.66687761     -3.5196977
     0.20820821     0.66733341     0.66713088     -3.5177165
     0.20920921     0.66757518     0.66737165     -3.5157374
     0.21021021     0.66780458     0.66760005     -3.5137604
     0.21121121     0.66802174     0.66781621     -3.5117856
     0.21221221     0.66822677     0.66802025     -3.5098128
     0.21321321     0.66841981     0.66821228     -3.5078422
     0.21421421     0.66860096     0.66839243     -3.5058737
     0.21521522     0.66877034     0.66856082     -3.5039072
     0.21621622     0.66892808     0.66871756     -3.5019429
     0.21721722     0.66907429     0.66886277     -3.4999806
     0.21821822     0.66920909     0.66899657     -3.4980204
     0.21921922     0.66933258     0.66911906     -3.4960622
     0.22022022     0.66944488     0.66923036     -3.4941061
     0.22122122     0.66954611     0.66933059     -3.4921521
     0.22222222     0.66963636     0.66941984     -3.4902001
     0.22322322     0.66971576     0.66949824     -3.4882501
     0.22422422     0.66978441     0.66956589     -3.4863021
     0.22522523     0.66984241     0.66962289     -3.4843561
     0.22622623     0.66988988     0.66966936     -3.4824122
     0.22722723     0.66992692     0.66970540     -3.4804702
     0.22822823     0.66995362     0.66973110     -3.4785302
     0.22922923     0.66997010     0.66974658     -3.4765922
     0.23023023     0.66997646     0.66975194     -3.4746562
     0.23123123     0.66997279     0.66974727     -3.4727221
     0.23223223     0.66995921     0.66973268     -3.4707900
     0.23323323     0.66993579     0.66970827     -3.4688598
     0.23423423     0.66990265     0.66967413     -3.4669316
     0.23523524     0.66985989     0.66963036     -3.4650053
     0.23623624     0.66980758     0.66957706     -3.4630809
     0.23723724     0.66974584     0.66951432     -3.4611584
     0.23823824     0.66967476     0.66944223     -3.4592379
     0.23923924     0.66959442     0.66936089     -3.4573192
     0.24024024     0.66950492     0.66927039     -3.4554025
     0.24124124     0.66940636     0.66917083     -3.4534876
     0.24224224     0.66929882     0.66906228     -3.4515746
     0.24324324     0.66918239     0.66894485     -3.4496634
     0.24424424     0.66905715     0.66881862     -3.4477541
     0.24524525     0.66892321     0.66868367     -3.4458467
     0.24624625     0.66878064     0.66854010     -3.4439411
     0.24724725     0.66862954     0.66838799     -3.4420373
     0.24824825     0.66846997     0.66822743     -3.4401354
     0.24924925     0.66830204     0.66805850     -3.4382353
     0.25025025     0.66812582     0.66788127     -3.4363370
     0.25125125     0.66794140     0.66769585     -3.4344405
     0.25225225     0.66774885     0.66750230     -3.4325458
     0.25325325     0.66754826     0.66730071     -3.4306529
     0.25425425     0.66733971     0.66709116     -3.4287617
     0.25525526     0.66712328     0.66687372     -3.4268724
     0.25625626     0.66689904     0.66664848     -3.4249848
     0.25725726     0.66666708     0.66641552     -3.4230989
     0.25825826     0.66642747     0.66617490     -3.4212148
     0.25925926     0.66618028     0.66592672     -3.4193325
     0.26026026     0.66592560     0.66567103     -3.4174518
     0.26126126     0.66566350     0.66540792     -3.4155729
     0.26226226     0.66539404     0.66513747     -3.4136957
     0.26326326     0.66511731     0.66485973     -3.4118202
     0.26426426     0.66483338     0.66457480     -3.4099464
     0.26526527     0.66454231     0.66428273     -3.4080743
     0.26626627     0.66424419     0.66398360     -3.4062039
     0.26726727     0.66393907     0.66367748     -3.4043352
     0.26826827     0.66362704     0.66336444     -3.4024681
     0.26926927     0.66330815     0.66304455     -3.4006027
     0.27027027     0.66298248     0.66271788     -3.3987389
     0.27127127     0.66265009     0.66238449     -3.3968768
     0.27227227     0.66231106     0.66204445     -3.3950163
     0.27327327     0.66196544     0.66169783     -3.3931574
     0.27427427     0.66161330     0.66134469     -3.3913002
     0.27527528     0.66125471     0.66098510     -3.3894445
     0.27627628     0.66088974     0.66061912     -3.3875905
     0.27727728     0.66051844     0.66024681     -3.3857381
     0.27827828     0.66014088     0.65986825     -3.3838872
     0.27927928     0.65975711     0.65948348     -3.3820379
     0.28028028     0.65936722     0.65909258     -3.3801902
     0.28128128     0.65897124     0.65869560     -3.3783441
     0.28228228     0.65856925     0.65829261     -3.3764995
     0.28328328     0.65816131     0.65788366     -3.3746565
     0.28428428     0.65774747     0.65746882     -3.3728150
     0.28528529     0.65732779     0.65704813     -3.3709750
     0.28628629     0.65690233     0.65662167     -3.3691366
     0.28728729     0.65647115     0.65618948     -3.3672996
     0.28828829     0.65603430     0.65575163     -3.3654642
     0.28928929     0.65559185     0.65530818     -3.3636303
     0.29029029     0.65514384     0.65485916     -3.3617978
     0.29129129     0.65469034     0.65440466     -3.3599669
     0.29229229     0.65423139     0.65394470     -3.3581374
     0.29329329     0.65376705     0.65347936     -3.3563094
     0.29429429     0.65329738     0.65300869     -3.3544828
     0.29529530     0.65282243     0.65253273     -3.3526577
     0.29629630     0.65234225     0.65205155     -3.3508341
     0.29729730     0.65185689     0.65156519     -3.3490118
     0.29829830     0.65136641     0.65107370     -3.3471910
     0.29929930     0.65087085     0.65057714     -3.3453716
     0.30030030     0.65037027     0.65007555     -3.3435537
     0.30130130     0.64986472     0.64956899     -3.3417371
     0.30230230     0.64935424     0.64905751     -3.3399219
     0.30330330     0.64883888     0.64854115     -3.3381081
     0.30430430     0.64831870     0.64801996     -3.3362957
     0.30530531     0.64779374     0.64749400     -3.3344846
     0.30630631     0.64726405     0.64696330     -3.3326750
     0.30730731     0.64672968     0.64642793     -3.3308666
     0.30830831     0.64619067     0.64588791     -3.3290596
     0.30930931     0.64564707     0.64534330     -3.3272540
     0.31031031     0.64509892     0.64479415     -3.3254497
     0.31131131     0.64454627     0.64424050     -3.3236467
     0.31231231     0.64398917     0.64368239     -3.3218450
     0.31331331     0.64342766     0.64311987     -3.3200446
     0.31431431     0.64286178     0.64255299     -3.3182455
     0.31531532     0.64229158     0.64198178     -3.3164477
     0.31631632     0.64171709     0.64140629     -3.3146512
     0.31731732     0.64113837     0.64082656     -3.3128560
     0.31831832     0.64055545     0.64024264     -3.3110620
     0.31931932     0.63996838     0.63965457     -3.3092693
     0.32032032     0.63937720     0.63906238     -3.3074778
     0.32132132     0.63878195     0.63846612     -3.3056876
     0.32232232     0.63818266     0.63786583     -3.3038986
     0.32332332     0.63757939     0.63726155     -3.3021108
     0.32432432     0.63697216     0.63665332     -3.3003243
     0.32532533     0.63636102     0.63604117     -3.2985389
     0.32632633     0.63574601     0.63542516     -3.2967548
     0.32732733     0.63512717     0.63480531     -3.2949718
     0.32832833     0.63450453     0.63418166     -3.2931901
     0.32932933     0.63387813     0.63355426     -3.2914095
     0.33033033     0.63324801     0.63292313     -3.2896301
     0.33133133     0.63261421     0.63228833     -3.2878518
     0.33233233     0.63197676     0.63164987     -3.2860747
     0.33333333     0.63133570     0.63100781     -3.2842987
     0.33433433     0.63069107     0.63036217     -3.2825239
     0.33533534     0.63004290     0.62971299     -3.2807502
     0.33633634     0.62939122     0.62906031     -3.2789776
     0.33733734     0.62873607     0.62840415     -3.2772061
     0.33833834     0.62807749     0.62774457     -3.2754357
     0.33933934     0.62741551     0.62708158     -3.2736664
     0.34034034     0.62675017     0.62641523     -3.2718982
     0.34134134     0.62608149     0.62574555     -3.2701311
     0.34234234     0.62540951     0.62507256     -3.2683650
     0.34334334     0.62473427     0.62439631     -3.2666001
     0.34434434     0.62405579     0.62371683     -3.2648361
     0.34534535     0.62337411     0.62303414     -3.2630732
     0.34634635     0.62268926     0.62234828     -3.2613114
     0.34734735     0.62200127     0.62165929     -3.2595505
     0.34834835     0.62131017     0.62096719     -3.2577907
     0.34934935     0.62061600     0.62027201     -3.2560319
     0.35035035     0.61991878     0.61957378     -3.2542742
     0.35135135     0.61921855     0.61887254     -3.2525174
     0.35235235     0.61851533     0.61816832     -3.2507616
     0.35335335     0.61780916     0.61746114     -3.2490067
     0.35435435     0.61710006     0.61675103     -3.2472529
     0.35535536     0.61638806     0.61603803     -3.2455000
     0.35635636     0.61567320     0.61532216     -3.2437481
     0.35735736     0.61495550     0.61460345     -3.2419971
     0.35835836     0.61423498     0.61388193     -3.2402470
     0.35935936     0.61351168     0.61315762     -3.2384979
     0.36036036     0.61278563     0.61243056     -3.2367497
     0.36136136     0.61205685     0.61170078     -3.2350024
     0.36236236     0.61132536     0.61096829     -3.2332560
     0.36336336     0.61059121     0.61023312     -3.2315106
     0.36436436     0.60985440     0.60949531     -3.2297660
     0.36536537     0.60911498     0.60875488     -3.2280222
     0.36636637     0.60837296     0.60801186     -3.2262794
     0.36736737     0.60762837     0.60726626     -3.2245374
     0.36836837     0.60688124     0.60651812     -3.2227963
     0.36936937     0.60613159     0.60576747     -3.2210560
     0.37037037     0.60537945     0.60501432     -3.2193166
     0.37137137     0.60462484     0.60425870     -3.2175780
     0.37237237     0.60386778     0.60350064     -3.2158402
     0.37337337     0.60310831     0.60274016     -3.2141032
     0.37437437     0.60234644     0.60197728     -3.2123671
     0.37537538     0.60158220     0.60121204     -3.2106317
     0.37637638     0.60081561     0.60044444     -3.2088971
     0.37737738     0.60004670     0.59967452     -3.2071633
     0.37837838     0.59927549     0.59890230     -3.2054303
     0.37937938     0.59850200     0.59812780     -3.2036980
     0.38038038     0.59772625     0.59735105     -3.2019665
     0.38138138     0.59694827     0.59657206     -3.2002358
     0.38238238     0.59616808     0.59579086     -3.1985057
     0.38338338     0.59538570     0.59500748     -3.1967765
     0.38438438     0.59460115     0.59422192     -3.1950479
     0.38538539     0.59381446     0.59343423     -3.1933200
     0.38638639     0.59302565     0.59264440     -3.1915929
     0.38738739     0.59223473     0.59185248     -3.1898664
     0.38838839     0.59144173     0.59105847     -3.1881406
     0.38938939     0.59064666     0.59026240     -3.1864156
     0.39039039     0.58984956     0.58946429     -3.1846911
     0.39139139     0.58905044     0.58866416     -3.1829674
     0.39239239     0.58824932     0.58786203     -3.1812443
     0.39339339     0.58744621     0.58705792     -3.1795218
     0.39439439     0.58664115     0.58625185     -3.1778000
     0.39539540     0.58583414     0.58544384     -3.1760788
     0.39639640     0.58502522     0.58463390     -3.1743582
     0.39739740     0.58421439     0.58382206     -3.1726383
     0.39839840     0.58340167     0.58300834     -3.1709189
     0.39939940     0.58258710     0.58219276     -3.1692001
     0.40040040     0.58177067     0.58137533     -3.1674820
     0.40140140     0.58095242     0.58055607     -3.1657644
     0.40240240     0.58013236     0.57973500     -3.1640473
     0.40340340     0.57931050     0.57891214     -3.1623308
     0.40440440     0.57848688     0.57808750     -3.1606149
     0.40540541     0.57766149     0.57726111     -3.1588995
     0.40640641     0.57683437     0.57643298     -3.1571847
     0.40740741     0.57600553     0.57560313     -3.1554704
     0.40840841     0.57517498     0.57477158     -3.1537566
     0.40940941     0.57434275     0.57393834     -3.1520433
     0.41041041     0.57350884     0.57310342     -3.1503305
     0.41141141     0.57267328     0.57226686     -3.1486181
     0.41241241     0.57183609     0.57142865     -3.1469063
     0.41341341     0.57099727     0.57058883     -3.1451950
     0.41441441     0.57015685     0.56974740     -3.1434841
     0.41541542     0.56931484     0.56890438     -3.1417736
     0.41641642     0.56847125     0.56805979     -3.1400636
     0.41741742     0.56762611     0.56721364     -3.1383541
     0.41841842     0.56677943     0.56636595     -3.1366450
     0.41941942     0.56593122     0.56551673     -3.1349363
     0.42042042     0.56508149     0.56466600     -3.1332280
     0.42142142     0.56423028     0.56381378     -3.1315201
     0.42242242     0.56337758     0.56296007     -3.1298126
     0.42342342     0.56252341     0.56210490     -3.1281055
     0.42442442     0.56166780     0.56124827     -3.1263988
     0.42542543     0.56081074     0.56039021     -3.1246924
     0.42642643     0.55995226     0.55953072     -3.1229864
     0.42742743     0.55909238     0.55866983     -3.1212807
     0.42842843     0.55823109     0.55780754     -3.1195754
     0.42942943     0.55736843     0.55694387     -3.1178704
     0.43043043     0.55650440     0.55607883     -3.1161658
     0.43143143     0.55563901     0.55521244     -3.1144614
     0.43243243     0.55477229     0.55434471     -3.1127574
     0.43343343     0.55390424     0.55347565     -3.1110536
     0.43443443     0.55303487     0.55260527     -3.1093502
     0.43543544     0.55216421     0.55173360     -3.1076470
     0.43643644     0.55129225     0.55086064     -3.1059441
     0.43743744     0.55041903     0.54998640     -3.1042414
     0.43843844     0.54954454     0.54911090     -3.1025390
     0.43943944     0.54866880     0.54823416     -3.1008368
     0.44044044     0.54779182     0.54735617     -3.0991349
     0.44144144     0.54691362     0.54647696     -3.0974332
     0.44244244     0.54603420     0.54559654     -3.0957317
     0.44344344     0.54515359     0.54471492     -3.0940304
     0.44444444     0.54427178     0.54383210     -3.0923293
     0.44544545     0.54338880     0.54294812     -3.0906284
     0.44644645     0.54250466     0.54206296     -3.0889277
     0.44744745     0.54161936     0.54117666     -3.0872271
     0.44844845     0.54073292     0.54028921     -3.0855267
     0.44944945     0.53984535     0.53940063     -3.0838265
     0.45045045     0.53895666     0.53851093     -3.0821264
     0.45145145     0.53806686     0.53762013     -3.0804264
     0.45245245     0.53717596     0.53672822     -3.0787265
     0.45345345     0.53628398     0.53583523     -3.0770268
     0.45445445     0.53539092     0.53494117     -3.0753271
     0.45545546     0.53449680     0.53404604     -3.0736276
     0.45645646     0.53360163     0.53314985     -3.0719281
     0.45745746     0.53270541     0.53225263     -3.0702287
     0.45845846     0.53180816     0.53135437     -3.0685294
     0.45945946     0.53090988     0.53045508     -3.0668301
     0.46046046     0.53001059     0.52955479     -3.0651309
     0.46146146     0.52911030     0.52865349     -3.0634317
     0.46246246     0.52820902     0.52775120     -3.0617326
     0.46346346     0.52730675     0.52684792     -3.0600334
     0.46446446     0.52640352     0.52594368     -3.0583343
     0.46546547     0.52549931     0.52503847     -3.0566352
     0.46646647     0.52459416     0.52413230     -3.0549360
     0.46746747     0.52368806     0.52322520     -3.0532369
     0.46846847     0.52278102     0.52231715     -3.0515377
     0.46946947     0.52187306     0.52140819     -3.0498385
     0.47047047     0.52096419     0.52049830     -3.0481392
     0.47147147     0.52005441     0.51958751     -3.0464398
     0.47247247     0.51914372     0.51867582     -3.0447404
     0.47347347     0.51823215     0.51776324     -3.0430410
     0.47447447     0.51731970     0.51684978     -3.0413414
     0.47547548     0.51640638     0.51593545     -3.0396417
     0.47647648     0.51549220     0.51502026     -3.0379419
     0.47747748     0.51457716     0.51410422     -3.0362420
     0.47847848     0.51366127     0.51318732     -3.0345420
     0.47947948     0.51274455     0.51226959     -3.0328418
     0.48048048     0.51182700     0.51135103     -3.0311415
     0.48148148     0.51090863     0.51043165     -3.0294411
     0.48248248     0.50998945     0.50951146     -3.0277404
     0.48348348     0.50906946     0.50859047     -3.0260396
     0.48448448     0.50814867     0.50766867     -3.0243386
     0.48548549     0.50722710     0.50674609     -3.0226374
     0.48648649     0.50630475     0.50582273     -3.0209360
     0.48748749     0.50538162     0.50489859     -3.0192344
     0.48848849     0.50445773     0.50397369     -3.0175325
     0.48948949     0.50353308     0.50304804     -3.0158305
     0.49049049     0.50260768     0.50212163     -3.0141281
     0.49149149     0.50168154     0.50119448     -3.0124255
     0.49249249     0.50075466     0.50026660     -3.0107227
     0.49349349     0.49982706     0.49933798     -3.0090195
     0.49449449     0.49889873     0.49840865     -3.0073161
     0.49549550     0.49796969     0.49747860     -3.0056123
     0.49649650     0.49703995     0.49654785     -3.0039083
     0.49749750     0.49610950     0.49561640     -3.0022039
     0.49849850     0.49517837     0.49468425     -3.0004992
     0.49949950     0.49424655     0.49375142     -2.9987942
     0.50050050     0.49331405     0.49281791     -2.9970888
     0.50150150     0.49238088     0.49188373     -2.9953831
     0.50250250     0.49144704     0.49094889     -2.9936769
     0.50350350     0.49051254     0.49001339     -2.9919704
     0.50450450     0.48957740     0.48907723     -2.9902635
     0.50550551     0.48864160     0.48814043     -2.9885562
     0.50650651     0.48770517     0.48720299     -2.9868485
     0.50750751     0.48676811     0.48626492     -2.9851404
     0.50850851     0.48583042     0.48532622     -2.9834318
     0.50950951     0.48489211     0.48438690     -2.9817227
     0.51051051     0.48395318     0.48344697     -2.9800132
     0.51151151     0.48301365     0.48250642     -2.9783033
     0.51251251     0.48207351     0.48156528     -2.9765928
     0.51351351     0.48113278     0.48062354     -2.9748819
     0.51451451     0.48019147     0.47968122     -2.9731705
     0.51551552     0.47924956     0.47873830     -2.9714585
     0.51651652     0.47830708     0.47779481     -2.9697460
     0.51751752     0.47736403     0.47685075     -2.9680330
     0.51851852     0.47642041     0.47590612     -2.9663195
     0.51951952     0.47547622     0.47496093     -2.9646053
     0.52052052     0.47453149     0.47401519     -2.9628906
     0.52152152     0.47358620     0.47306889     -2.9611754
     0.52252252     0.47264037     0.47212205     -2.9594595
     0.52352352     0.47169400     0.47117467     -2.9577430
     0.52452452     0.47074709     0.47022676     -2.9560260
     0.52552553     0.46979966     0.46927832     -2.9543083
     0.52652653     0.46885171     0.46832936     -2.9525899
     0.52752753     0.46790323     0.46737987     -2.9508709
     0.52852853     0.46695425     0.46642988     -2.9491513
     0.52952953     0.46600475     0.46547938     -2.9474309
     0.53053053     0.46505476     0.46452837     -2.9457099
     0.53153153     0.46410426     0.46357687     -2.9439882
     0.53253253     0.46315328     0.46262488     -2.9422658
     0.53353353     0.46220180     0.46167239     -2.9405427
     0.53453453     0.46124985     0.46071943     -2.9388188
     0.53553554     0.46029741     0.45976599     -2.9370942
     0.53653654     0.45934450     0.45881207     -2.9353688
     0.53753754     0.45839113     0.45785769     -2.9336427
     0.53853854     0.45743729     0.45690284     -2.9319158
     0.53953954     0.45648299     0.45594753     -2.9301881
     0.54054054     0.45552824     0.45499177     -2.9284596
     0.54154154     0.45457303     0.45403555     -2.9267303
     0.54254254     0.45361738     0.45307890     -2.9250001
     0.54354354     0.45266129     0.45212180     -2.9232692
     0.54454454     0.45170476     0.45116426     -2.9215373
     0.54554555     0.45074780     0.45020629     -2.9198046
     0.54654655     0.44979041     0.44924790     -2.9180710
     0.54754755     0.44883260     0.44828907     -2.9163366
     0.54854855     0.44787437     0.44732983     -2.9146012
     0.54954955     0.44691572     0.44637018     -2.9128649
     0.55055055     0.44595666     0.44541011     -2.9111277
     0.55155155     0.44499720     0.44444964     -2.9093896
     0.55255255     0.44403733     0.44348876     -2.9076505
     0.55355355     0.44307706     0.44252748     -2.9059104
     0.55455455     0.44211640     0.44156581     -2.9041694
     0.55555556     0.44115534     0.44060375     -2.9024273
     0.55655656     0.44019390     0.43964130     -2.9006843
     0.55755756     0.43923207     0.43867846     -2.8989402
     0.55855856     0.43826987     0.43771525     -2.8971951
     0.55955956     0.43730729     0.43675166     -2.8954490
     0.56056056     0.43634433     0.43578770     -2.8937018
     0.56156156     0.43538101     0.43482337     -2.8919536
     0.56256256     0.43441733     0.43385867     -2.8902042
     0.56356356     0.43345328     0.43289361     -2.8884538
     0.56456456     0.43248887     0.43192820     -2.8867022
     0.56556557     0.43152411     0.43096243     -2.8849496
     0.56656657     0.43055900     0.42999631     -2.8831958
     0.56756757     0.42959355     0.42902985     -2.8814408
     0.56856857     0.42862775     0.42806304     -2.8796847
     0.56956957     0.42766161     0.42709589     -2.8779274
     0.57057057     0.42669513     0.42612840     -2.8761689
     0.57157157     0.42572832     0.42516059     -2.8744092
     0.57257257     0.42476118     0.42419244     -2.8726483
     0.57357357     0.42379371     0.42322396     -2.8708861
     0.57457457     0.42282592     0.42225516     -2.8691227
     0.57557558     0.42185781     0.42128604     -2.8673581
     0.57657658     0.42088938     0.42031660     -2.8655921
     0.57757758     0.41992064     0.41934685     -2.8638249
     0.57857858     0.41895159     0.41837679     -2.8620564
     0.57957958     0.41798222     0.41740642     -2.8602865
     0.58058058     0.41701256     0.41643575     -2.8585153
     0.58158158     0.41604259     0.41546477     -2.8567428
     0.58258258     0.41507233     0.41449350     -2.8549689
     0.58358358     0.41410177     0.41352193     -2.8531936
     0.58458458     0.41313091     0.41255007     -2.8514169
     0.58558559     0.41215977     0.41157792     -2.8496388
     0.58658659     0.41118834     0.41060548     -2.8478593
     0.58758759     0.41021662     0.40963275     -2.8460784
     0.58858859     0.40924463     0.40865975     -2.8442960
     0.58958959     0.40827235     0.40768647     -2.8425121
     0.59059059     0.40729980     0.40671291     -2.8407268
     0.59159159     0.40632698     0.40573908     -2.8389400
     0.59259259     0.40535389     0.40476498     -2.8371516
     0.59359359     0.40438053     0.40379061     -2.8353617
     0.59459459     0.40340690     0.40281597     -2.8335703
     0.59559560     0.40243302     0.40184108     -2.8317773
     0.59659660     0.40145887     0.40086592     -2.8299827
     0.59759760     0.40048447     0.39989051     -2.8281865
     0.59859860     0.39950981     0.39891484     -2.8263887
     0.59959960     0.39853490     0.39793893     -2.8245893
     0.60060060     0.39755974     0.39696276     -2.8227883
     0.60160160     0.39658433     0.39598634     -2.8209855
     0.60260260     0.39560868     0.39500968     -2.8191812
     0.60360360     0.39463279     0.39403278     -2.8173751
     0.60460460     0.39365666     0.39305564     -2.8155673
     0.60560561     0.39268029     0.39207826     -2.8137578
     0.60660661     0.39170368     0.39110065     -2.8119465
     0.60760761     0.39072685     0.39012280     -2.8101335
     0.60860861     0.38974978     0.38914473     -2.8083187
     0.60960961     0.38877249     0.38816643     -2.8065021
     0.61061061     0.38779497     0.38718790     -2.8046838
     0.61161161     0.38681722     0.38620914     -2.8028635
     0.61261261     0.38583926     0.38523017     -2.8010415
     0.61361361     0.38486107     0.38425098     -2.7992175
     0.61461461     0.38388267     0.38327157     -2.7973917
     0.61561562     0.38290406     0.38229195     -2.7955640
     0.61661662     0.38192523     0.38131211     -2.7937344
     0.61761762     0.38094619     0.38033206     -2.7919029
     0.61861862     0.37996695     0.37935181     -2.7900694
     0.61961962     0.37898749     0.37837135     -2.7882339
     0.62062062     0.37800784     0.37739068     -2.7863964
     0.62162162     0.37702798     0.37640981     -2.7845570
     0.62262262     0.37604792     0.37542875     -2.7827155
     0.62362362     0.37506766     0.37444748     -2.7808719
     0.62462462     0.37408721     0.37346602     -2.7790263
     0.62562563     0.37310656     0.37248436     -2.7771786
     0.62662663     0.37212572     0.37150252     -2.7753289
     0.62762763     0.37114469     0.37052048     -2.7734769
     0.62862863     0.37016348     0.36953825     -2.7716229
     0.62962963     0.36918207     0.36855584     -2.7697667
     0.63063063     0.36820048     0.36757324     -2.7679083
     0.63163163     0.36721871     0.36659046     -2.7660477
     0.63263263     0.36623676     0.36560750     -2.7641849
     0.63363363     0.36525462     0.36462436     -2.7623199
     0.63463463     0.36427231     0.36364104     -2.7604526
     0.63563564     0.36328983     0.36265754     -2.7585830
     0.63663664     0.36230717     0.36167387     -2.7567112
     0.63763764     0.36132434     0.36069003     -2.7548370
     0.63863864     0.36034134     0.35970602     -2.7529605
     0.63963964     0.35935817     0.35872184     -2.7510816
     0.64064064     0.35837483     0.35773750     -2.7492003
     0.64164164     0.35739132     0.35675299     -2.7473166
     0.64264264     0.35640766     0.35576831     -2.7454305
     0.64364364     0.35542383     0.35478347     -2.7435420
     0.64464464     0.35443984     0.35379847     -2.7416510
     0.64564565     0.35345569     0.35281332     -2.7397575
     0.64664665     0.35247138     0.35182800     -2.7378615
     0.64764765     0.35148692     0.35084253     -2.7359629
     0.64864865     0.35050231     0.34985691     -2.7340618
     0.64964965     0.34951754     0.34887113     -2.7321582
     0.65065065     0.34853262     0.34788520     -2.7302519
     0.65165165     0.34754755     0.34689912     -2.7283430
     0.65265265     0.34656233     0.34591290     -2.7264315
     0.65365365     0.34557697     0.34492652     -2.7245173
     0.65465465     0.34459146     0.34394000     -2.7226004
     0.65565566     0.34360580     0.34295334     -2.7206808
     0.65665666     0.34262001     0.34196654     -2.7187584
     0.65765766     0.34163407     0.34097959     -2.7168333
     0.65865866     0.34064799     0.33999251     -2.7149054
     0.65965966     0.33966178     0.33900528     -2.7129747
     0.66066066     0.33867543     0.33801792     -2.7110412
     0.66166166     0.33768894     0.33703043     -2.7091048
     0.66266266     0.33670232     0.33604280     -2.7071655
     0.66366366     0.33571557     0.33505504     -2.7052233
     0.66466466     0.33472868     0.33406714     -2.7032782
     0.66566567     0.33374167     0.33307912     -2.7013301
     0.66666667     0.33275452     0.33209097     -2.6993790
     0.66766767     0.33176725     0.33110269     -2.6974249
     0.66866867     0.33077985     0.33011428     -2.6954678
     0.66966967     0.32979233     0.32912575     -2.6935076
     0.67067067     0.32880469     0.32813709     -2.6915444
     0.67167167     0.32781692     0.32714832     -2.6895780
     0.67267267     0.32682903     0.32615942     -2.6876085
     0.67367367     0.32584102     0.32517040     -2.6856358
     0.67467467     0.32485289     0.32418126     -2.6836599
     0.67567568     0.32386464     0.32319201     -2.6816808
     0.67667668     0.32287628     0.32220263     -2.6796985
     0.67767768     0.32188780     0.32121315     -2.6777129
     0.67867868     0.32089921     0.32022354     -2.6757239
     0.67967968     0.31991050     0.31923383     -2.6737317
     0.68068068     0.31892168     0.31824400     -2.6717360
     0.68168168     0.31793275     0.31725407     -2.6697370
     0.68268268     0.31694371     0.31626402     -2.6677346
     0.68368368     0.31595457     0.31527386     -2.6657287
     0.68468468     0.31496531     0.31428360     -2.6637193
     0.68568569     0.31397595     0.31329323     -2.6617064
     0.68668669     0.31298648     0.31230275     -2.6596900
     0.68768769     0.31199691     0.31131217     -2.6576700
     0.68868869     0.31100724     0.31032149     -2.6556464
     0.68968969     0.31001746     0.30933070     -2.6536192
     0.69069069     0.30902758     0.30833982     -2.6515883
     0.69169169     0.30803761     0.30734883     -2.6495538
     0.69269269     0.30704753     0.30635774     -2.6475155
     0.69369369     0.30605735     0.30536656     -2.6454734
     0.69469469     0.30506708     0.30437528     -2.6434276
     0.69569570     0.30407671     0.30338390     -2.6413779
     0.69669670     0.30308625     0.30239243     -2.6393244
     0.69769770     0.30209569     0.30140086     -2.6372670
     0.69869870     0.30110503     0.30040920     -2.6352056
     0.69969970     0.30011429     0.29941744     -2.6331404
     0.70070070     0.29912345     0.29842560     -2.6310711
     0.70170170     0.29813252     0.29743366     -2.6289978
     0.70270270     0.29714151     0.29644163     -2.6269204
     0.70370370     0.29615040     0.29544952     -2.6248390
     0.70470470     0.29515920     0.29445731     -2.6227534
     0.70570571     0.29416792     0.29346502     -2.6206637
     0.70670671     0.29317655     0.29247265     -2.6185698
     0.70770771     0.29218510     0.29148018     -2.6164716
     0.70870871     0.29119356     0.29048764     -2.6143692
     0.70970971     0.29020194     0.28949501     -2.6122624
     0.71071071     0.28921024     0.28850229     -2.6101513
     0.71171171     0.28821845     0.28750950     -2.6080358
     0.71271271     0.28722658     0.28651662     -2.6059159
     0.71371371     0.28623463     0.28552366     -2.6037915
     0.71471471     0.28524260     0.28453063     -2.6016627
     0.71571572     0.28425050     0.28353751     -2.5995293
     0.71671672     0.28325831     0.28254432     -2.5973913
     0.71771772     0.28226605     0.28155105     -2.5952487
     0.71871872     0.28127371     0.28055770     -2.5931014
     0.71971972     0.28028130     0.27956427     -2.5909495
     0.72072072     0.27928881     0.27857078     -2.5887928
     0.72172172     0.27829624     0.27757720     -2.5866313
     0.72272272     0.27730360     0.27658356     -2.5844649
     0.72372372     0.27631089     0.27558984     -2.5822938
     0.72472472     0.27531811     0.27459605     -2.5801177
     0.72572573     0.27432526     0.27360218     -2.5779366
     0.72672673     0.27333233     0.27260825     -2.5757506
     0.72772773     0.27233934     0.27161425     -2.5735595
     0.72872873     0.27134627     0.27062017     -2.5713633
     0.72972973     0.27035314     0.26962603     -2.5691620
     0.73073073     0.26935994     0.26863182     -2.5669555
     0.73173173     0.26836667     0.26763755     -2.5647438
     0.73273273     0.26737334     0.26664321     -2.5625268
     0.73373373     0.26637994     0.26564880     -2.5603045
     0.73473473     0.26538648     0.26465432     -2.5580769
     0.73573574     0.26439295     0.26365978     -2.5558438
     0.73673674     0.26339935     0.26266518     -2.5536052
     0.73773774     0.26240570     0.26167052     -2.5513612
     0.73873874     0.26141198     0.26067579     -2.5491116
     0.73973974     0.26041820     0.25968100     -2.5468563
     0.74074074     0.25942435     0.25868615     -2.5445954
     0.74174174     0.25843045     0.25769123     -2.5423288
     0.74274274     0.25743649     0.25669626     -2.5400564
     0.74374374     0.25644246     0.25570123     -2.5377782
     0.74474474     0.25544838     0.25470614     -2.5354942
     0.74574575     0.25445424     0.25371099     -2.5332042
     0.74674675     0.25346004     0.25271578     -2.5309082
     0.74774775     0.25246579     0.25172052     -2.5286062
     0.74874875     0.25147147     0.25072520     -2.5262981
     0.74974975     0.25047710     0.24972982     -2.5239838
     0.75075075     0.24948268     0.24873439     -2.5216634
     0.75175175     0.24848820     0.24773890     -2.5193366
     0.75275275     0.24749367     0.24674336     -2.5170036
     0.75375375     0.24649908     0.24574776     -2.5146642
     0.75475475     0.24550444     0.24475211     -2.5123183
     0.75575576     0.24450974     0.24375641     -2.5099659
     0.75675676     0.24351500     0.24276065     -2.5076070
     0.75775776     0.24252020     0.24176484     -2.5052415
     0.75875876     0.24152535     0.24076899     -2.5028692
     0.75975976     0.24053045     0.23977308     -2.5004902
     0.76076076     0.23953550     0.23877712     -2.4981044
     0.76176176     0.23854050     0.23778111     -2.4957118
     0.76276276     0.23754545     0.23678505     -2.4933121
     0.76376376     0.23655035     0.23578895     -2.4909055
     0.76476476     0.23555521     0.23479279     -2.4884918
     0.76576577     0.23456001     0.23379659     -2.4860709
     0.76676677     0.23356477     0.23280034     -2.4836429
     0.76776777     0.23256948     0.23180404     -2.4812075
     0.76876877     0.23157415     0.23080770     -2.4787648
     0.76976977     0.23057877     0.22981131     -2.4763147
     0.77077077     0.22958334     0.22881487     -2.4738570
     0.77177177     0.22858787     0.22781839     -2.4713918
     0.77277277     0.22759236     0.22682187     -2.4689189
     0.77377377     0.22659680     0.22582530     -2.4664383
     0.77477477     0.22560119     0.22482869     -2.4639500
     0.77577578     0.22460555     0.22383203     -2.4614537
     0.77677678     0.22360986     0.22283533     -2.4589495
     0.77777778     0.22261412     0.22183859     -2.4564372
     0.77877878     0.22161835     0.22084181     -2.4539169
     0.77977978     0.22062253     0.21984498     -2.4513883
     0.78078078     0.21962668     0.21884812     -2.4488514
     0.78178178     0.21863078     0.21785121     -2.4463062
     0.78278278     0.21763484     0.21685427     -2.4437526
     0.78378378     0.21663886     0.21585728     -2.4411904
     0.78478478     0.21564285     0.21486025     -2.4386196
     0.78578579     0.21464679     0.21386319     -2.4360400
     0.78678679     0.21365070     0.21286608     -2.4334517
     0.78778779     0.21265456     0.21186894     -2.4308545
     0.78878879     0.21165839     0.21087176     -2.4282483
     0.78978979     0.21066218     0.20987454     -2.4256330
     0.79079079     0.20966593     0.20887729     -2.4230086
     0.79179179     0.20866965     0.20788000     -2.4203749
     0.79279279     0.20767333     0.20688267     -2.4177318
     0.79379379     0.20667698     0.20588530     -2.4150793
     0.79479479     0.20568058     0.20488790     -2.4124172
     0.79579580     0.20468416     0.20389047     -2.4097454
     0.79679680     0.20368770     0.20289300     -2.4070639
     0.79779780     0.20269120     0.20189549     -2.4043725
     0.79879880     0.20169467     0.20089795     -2.4016711
     0.79979980     0.20069810     0.19990038     -2.3989597
     0.80080080     0.19970150     0.19890277     -2.3962380
     0.80180180     0.19870487     0.19790513     -2.3935061
     0.80280280     0.19770821     0.19690745     -2.3907637
     0.80380380     0.19671151     0.19590975     -2.3880108
     0.80480480     0.19571478     0.19491201     -2.3852472
     0.80580581     0.19471802     0.19391424     -2.3824729
     0.80680681     0.19372122     0.19291643     -2.3796877
     0.80780781     0.19272440     0.19191860     -2.3768914
     0.80880881     0.19172754     0.19092073     -2.3740841
     0.80980981     0.19073065     0.18992284     -2.3712655
     0.81081081     0.18973374     0.18892491     -2.3684355
     0.81181181     0.18873679     0.18792696     -2.3655940
     0.81281281     0.18773981     0.18692897     -2.3627409
     0.81381381     0.18674280     0.18593095     -2.3598759
     0.81481481     0.18574577     0.18493291     -2.3569991
     0.81581582     0.18474870     0.18393483     -2.3541102
     0.81681682     0.18375161     0.18293673     -2.3512092
     0.81781782     0.18275448     0.18193860     -2.3482958
     0.81881882     0.18175733     0.18094044     -2.3453699
     0.81981982     0.18076015     0.17994225     -2.3424314
     0.82082082     0.17976295     0.17894404     -2.3394801
     0.82182182     0.17876571     0.17794579     -2.3365159
     0.82282282     0.17776845     0.17694752     -2.3335387
     0.82382382     0.17677117     0.17594923     -2.3305482
     0.82482482     0.17577385     0.17495091     -2.3275443
     0.82582583     0.17477651     0.17395256     -2.3245269
     0.82682683     0.17377915     0.17295418     -2.3214957
     0.82782783     0.17278175     0.17195578     -2.3184506
     0.82882883     0.17178434     0.17095736     -2.3153915
     0.82982983     0.17078690     0.16995890     -2.3123182
     0.83083083     0.16978943     0.16896043     -2.3092304
     0.83183183     0.16879194     0.16796193     -2.3061281
     0.83283283     0.16779442     0.16696340     -2.3030110
     0.83383383     0.16679688     0.16596485     -2.2998789
     0.83483483     0.16579931     0.16496628     -2.2967317
     0.83583584     0.16480173     0.16396768     -2.2935692
     0.83683684     0.16380411     0.16296906     -2.2903911
     0.83783784     0.16280648     0.16197042     -2.2871973
     0.83883884     0.16180882     0.16097175     -2.2839875
     0.83983984     0.16081114     0.15997306     -2.2807616
     0.84084084     0.15981344     0.15897435     -2.2775193
     0.84184184     0.15881571     0.15797561     -2.2742605
     0.84284284     0.15781796     0.15697686     -2.2709849
     0.84384384     0.15682019     0.15597808     -2.2676922
     0.84484484     0.15582240     0.15497928     -2.2643823
     0.84584585     0.15482459     0.15398046     -2.2610550
     0.84684685     0.15382676     0.15298161     -2.2577099
     0.84784785     0.15282890     0.15198275     -2.2543468
     0.84884885     0.15183102     0.15098386     -2.2509656
     0.84984985     0.15083313     0.14998496     -2.2475659
     0.85085085     0.14983521     0.14898603     -2.2441475
     0.85185185     0.14883727     0.14798709     -2.2407101
     0.85285285     0.14783932     0.14698812     -2.2372535
     0.85385385     0.14684134     0.14598913     -2.2337774
     0.85485485     0.14584334     0.14499013     -2.2302814
     0.85585586     0.14484533     0.14399110     -2.2267655
     0.85685686     0.14384729     0.14299206     -2.2232291
     0.85785786     0.14284924     0.14199300     -2.2196721
     0.85885886     0.14185116     0.14099391     -2.2160942
     0.85985986     0.14085307     0.13999481     -2.2124950
     0.86086086     0.13985496     0.13899569     -2.2088742
     0.86186186     0.13885683     0.13799656     -2.2052315
     0.86286286     0.13785868     0.13699740     -2.2015666
     0.86386386     0.13686052     0.13599823     -2.1978791
     0.86486486     0.13586234     0.13499904     -2.1941687
     0.86586587     0.13486414     0.13399983     -2.1904351
     0.86686687     0.13386592     0.13300060     -2.1866778
     0.86786787     0.13286768     0.13200136     -2.1828966
     0.86886887     0.13186943     0.13100210     -2.1790910
     0.86986987     0.13087116     0.13000282     -2.1752606
     0.87087087     0.12987288     0.12900353     -2.1714052
     0.87187187     0.12887458     0.12800421     -2.1675242
     0.87287287     0.12787626     0.12700489     -2.1636172
     0.87387387     0.12687792     0.12600554     -2.1596840
     0.87487487     0.12587957     0.12500618     -2.1557239
     0.87587588     0.12488121     0.12400681     -2.1517365
     0.87687688     0.12388282     0.12300742     -2.1477215
     0.87787788     0.12288443     0.12200801     -2.1436784
     0.87887888     0.12188601     0.12100859     -2.1396066
     0.87987988     0.12088759     0.12000915     -2.1355057
     0.88088088     0.11988914     0.11900970     -2.1313752
     0.88188188     0.11889068     0.11801023     -2.1272146
     0.88288288     0.11789221     0.11701075     -2.1230234
     0.88388388     0.11689372     0.11601125     -2.1188010
     0.88488488     0.11589522     0.11501174     -2.1145468
     0.88588589     0.11489670     0.11401222     -2.1102604
     0.88688689     0.11389817     0.11301268     -2.1059411
     0.88788789     0.11289963     0.11201312     -2.1015883
     0.88888889     0.11190107     0.11101355     -2.0972015
     0.88988989     0.11090249     0.11001397     -2.0927799
     0.89089089     0.10990391     0.10901438     -2.0883230
     0.89189189     0.10890531     0.10801477     -2.0838301
     0.89289289     0.10790669     0.10701514     -2.0793005
     0.89389389     0.10690807     0.10601551     -2.0747335
     0.89489489     0.10590943     0.10501586     -2.0701284
     0.89589590     0.10491077     0.10401620     -2.0654845
     0.89689690     0.10391211     0.10301652     -2.0608009
     0.89789790     0.10291343     0.10201684     -2.0560769
     0.89889890     0.10191474     0.10101713     -2.0513117
     0.89989990     0.10091603     0.10001742     -2.0465045
     0.90090090    0.099917316    0.099017697     -2.0416543
     0.90190190    0.098918587    0.098017960     -2.0367604
     0.90290290    0.097919846    0.097018210     -2.0318218
     0.90390390    0.096921094    0.096018448     -2.0268376
     0.90490490    0.095922329    0.095018675     -2.0218068
     0.90590591    0.094923553    0.094018890     -2.0167283
     0.90690691    0.093924765    0.093019093     -2.0116013
     0.90790791    0.092925965    0.092019284     -2.0064245
     0.90890891    0.091927154    0.091019465     -2.0011970
     0.90990991    0.090928332    0.090019633     -1.9959175
     0.91091091    0.089929498    0.089019791     -1.9905850
     0.91191191    0.088930654    0.088019938     -1.9851981
     0.91291291    0.087931798    0.087020073     -1.9797557
     0.91391391    0.086932932    0.086020198     -1.9742564
     0.91491491    0.085934054    0.085020312     -1.9686989
     0.91591592    0.084935167    0.084020415     -1.9630818
     0.91691692    0.083936268    0.083020508     -1.9574036
     0.91791792    0.082937359    0.082020590     -1.9516629
     0.91891892    0.081938440    0.081020662     -1.9458582
     0.91991992    0.080939511    0.080020724     -1.9399878
     0.92092092    0.079940571    0.079020776     -1.9340500
     0.92192192    0.078941622    0.078020817     -1.9280431
     0.92292292    0.077942662    0.077020849     -1.9219653
     0.92392392    0.076943693    0.076020871     -1.9158148
     0.92492492    0.075944714    0.075020883     -1.9095897
     0.92592593    0.074945725    0.074020885     -1.9032878
     0.92692693    0.073946727    0.073020878     -1.8969070
     0.92792793    0.072947719    0.072020862     -1.8904453
     0.92892893    0.071948702    0.071020836     -1.8839004
     0.92992993    0.070949676    0.070020801     -1.8772697
     0.93093093    0.069950640    0.069020756     -1.8705509
     0.93193193    0.068951596    0.068020703     -1.8637414
     0.93293293    0.067952542    0.067020640     -1.8568385
     0.93393393    0.066953480    0.066020569     -1.8498392
     0.93493493    0.065954408    0.065020489     -1.8427408
     0.93593594    0.064955328    0.064020400     -1.8355401
     0.93693694    0.063956240    0.063020303     -1.8282338
     0.93793794    0.062957143    0.062020197     -1.8208186
     0.93893894    0.061958037    0.061020082     -1.8132909
     0.93993994    0.060958923    0.060019960     -1.8056469
     0.94094094    0.059959801    0.059019828     -1.7978828
     0.94194194    0.058960670    0.058019689     -1.7899944
     0.94294294    0.057961532    0.057019542     -1.7819773
     0.94394394    0.056962385    0.056019386     -1.7738271
     0.94494494    0.055963230    0.055019223     -1.7655388
     0.94594595    0.054964068    0.054019051     -1.7571075
     0.94694695    0.053964898    0.053018872     -1.7485276
     0.94794795    0.052965720    0.052018685     -1.7397936
     0.94894895    0.051966534    0.051018491     -1.7308994
     0.94994995    0.050967341    0.050018288     -1.7218388
     0.95095095    0.049968140    0.049018079     -1.7126048
     0.95195195    0.048968931    0.048017862     -1.7031904
     0.95295295    0.047969716    0.047017637     -1.6935880
     0.95395395    0.046970493    0.046017406     -1.6837894
     0.95495495    0.045971263    0.045017167     -1.6737859
     0.95595596    0.044972026    0.044016921     -1.6635684
     0.95695696    0.043972781    0.043016667     -1.6531271
     0.95795796    0.042973530    0.042016407     -1.6424512
     0.95895896    0.041974272    0.041016140     -1.6315296
     0.95995996    0.040975007    0.040015866     -1.6203500
     0.96096096    0.039975735    0.039015586     -1.6088993
     0.96196196    0.038976456    0.038015298     -1.5971635
     0.96296296    0.037977171    0.037015004     -1.5851273
     0.96396396    0.036977879    0.036014703     -1.5727742
     0.96496496    0.035978581    0.035014396     -1.5600864
     0.96596597    0.034979276    0.034014083     -1.5470443
     0.96696697    0.033979965    0.033013763     -1.5336269
     0.96796797    0.032980648    0.032013436     -1.5198109
     0.96896897    0.031981324    0.031013104     -1.5055711
     0.96996997    0.030981994    0.030012765     -1.4908796
     0.97097097    0.029982658    0.029012420     -1.4757057
     0.97197197    0.028983315    0.028012069     -1.4600156
     0.97297297    0.027983967    0.027011712     -1.4437716
     0.97397397    0.026984613    0.026011349     -1.4269320
     0.97497497    0.025985253    0.025010980     -1.4094499
     0.97597598    0.024985887    0.024010605     -1.3912728
     0.97697698    0.023986515    0.023010224     -1.3723416
     0.97797798    0.022987138    0.022009838     -1.3525890
     0.97897898    0.021987755    0.021009446     -1.3319387
     0.97997998    0.020988366    0.020009048     -1.3103029
     0.98098098    0.019988972    0.019008645     -1.2875805
     0.98198198    0.018989572    0.018008237     -1.2636538
     0.98298298    0.017990167    0.017007822     -1.2383851
     0.98398398    0.016990756    0.016007403     -1.2116115
     0.98498498    0.015991340    0.015006978     -1.1831385
     0.98598599    0.014991919    0.014006548     -1.1527315
     0.98698699    0.013992492    0.013006113     -1.1201035
     0.98798799    0.012993061    0.012005672     -1.0848985
     0.98898899    0.011993624    0.011005227     -1.0466675
     0.98998999    0.010994182    0.010004776     -1.0048328
     0.99099099   0.0099947349   0.0090043200    -0.95863377
     0.99199199   0.0089952830   0.0080038593    -0.90704014
     0.99299299   0.0079958262   0.0070033936    -0.84860752
     0.99399399   0.0069963645   0.0060029231    -0.78122051
     0.99499499   0.0059968980   0.0050024477    -0.70159948
     0.99599600   0.0049974266   0.0040019675    -0.60425013
     0.99699700   0.0039979506   0.0030014826    -0.47887249
     0.99799800   0.0029984699   0.0020009930    -0.30234277
     0.99899900   0.0019989845   0.0010004988 -0.00087474406
