    0.010101010    0.094283298    0.085975546    0.096629239
    0.010101010     0.17934382    0.085975546      1.0859864
    0.020202020     0.25518158     0.16272048     0.56822044
    0.030303030     0.32268265     0.23112163     0.39615944
    0.040404040     0.38264799     0.29198065     0.31052517
    0.050505051     0.43580160     0.34602215     0.25946159
    0.060606061     0.48279794     0.39390113     0.22568306
    0.070707071     0.52422856     0.43620966     0.20178118
    0.080808081     0.56062820     0.47348293     0.18405155
    0.090909091     0.59248022     0.50620471     0.17043599
     0.10101010     0.62022153     0.53481229     0.15969946
     0.11111111     0.64424707     0.55970095     0.15105589
     0.12121212     0.66491385     0.58122797     0.14398116
     0.13131313     0.68254455     0.59971634     0.13811231
     0.14141414     0.69743088     0.61545800     0.13319004
     0.15151515     0.70983649     0.62871684     0.12902414
     0.16161616     0.71999974     0.63973141     0.12547193
     0.17171717     0.72813605     0.64871731     0.12242426
     0.18181818     0.73444016     0.65586946     0.11979625
     0.19191919     0.73908812     0.66136404     0.11752087
     0.20202020     0.74223902     0.66536030     0.11554450
     0.21212121     0.74403672     0.66800219     0.11382376
     0.22222222     0.74461120     0.66941984     0.11232317
     0.23232323     0.74408001     0.66973087     0.11101346
     0.24242424     0.74254936     0.66904159     0.10987025
     0.25252525     0.74011528     0.66744811     0.10887313
     0.26262626     0.73686457     0.66503731     0.10800485
     0.27272727     0.73287568     0.66188771     0.10725079
     0.28282828     0.72821955     0.65807028     0.10659844
     0.29292929     0.72296026     0.65364920     0.10603710
     0.30303030     0.71715578     0.64868246     0.10555755
     0.31313131     0.71085849     0.64322248     0.10515182
     0.32323232     0.70411572     0.63731665     0.10481301
     0.33333333     0.69697028     0.63100781     0.10453512
     0.34343434     0.68946087     0.62433467     0.10431295
     0.35353535     0.68162243     0.61733225     0.10414195
     0.36363636     0.67348660     0.61003216     0.10401818
     0.37373737     0.66508193     0.60246302     0.10393818
     0.38383838     0.65643427     0.59465068     0.10389897
     0.39393939     0.64756695     0.58661849     0.10389795
     0.40404040     0.63850107     0.57838758     0.10393290
     0.41414141     0.62925573     0.56997704     0.10400189
     0.42424242     0.61984815     0.56140413     0.10410329
     0.43434343     0.61029392     0.55268445     0.10423573
     0.44444444     0.60060714     0.54383210     0.10439810
     0.45454545     0.59080054     0.53485984     0.10458946
     0.46464646     0.58088563     0.52577916     0.10480914
     0.47474747     0.57087282     0.51660051     0.10505663
     0.48484848     0.56077151     0.50733328     0.10533160
     0.49494949     0.55059020     0.49798599     0.10563392
     0.50505051     0.54033659     0.48856633     0.10596363
     0.51515152     0.53001761     0.47908125     0.10632093
     0.52525253     0.51963956     0.46953704     0.10670621
     0.53535354     0.50920809     0.45993938     0.10712003
     0.54545455     0.49872836     0.45029340     0.10756311
     0.55555556     0.48820498     0.44060375     0.10803638
     0.56565657     0.47764216     0.43087462     0.10854096
     0.57575758     0.46704369     0.42110980     0.10907817
     0.58585859     0.45641299     0.41131273     0.10964955
     0.59595960     0.44575316     0.40148651     0.11025688
     0.60606061     0.43506699     0.39163392     0.11090221
     0.61616162     0.42435702     0.38175752     0.11158786
     0.62626263     0.41362553     0.37185957     0.11231648
     0.63636364     0.40287459     0.36194216     0.11309108
     0.64646465     0.39210608     0.35200716     0.11391505
     0.65656566     0.38132167     0.34205625     0.11479227
     0.66666667     0.37052289     0.33209097     0.11572711
     0.67676768     0.35971113     0.32211268     0.11672452
     0.68686869     0.34888764     0.31212266     0.11779017
     0.69696970     0.33805353     0.30212201     0.11893051
     0.70707071     0.32720984     0.29211176     0.12015289
     0.71717172     0.31635747     0.28209284     0.12146580
     0.72727273     0.30549727     0.27206607     0.12287896
     0.73737374     0.29462999     0.26203222     0.12440365
     0.74747475     0.28375630     0.25199196     0.12605299
     0.75757576     0.27287683     0.24194590     0.12784230
     0.76767677     0.26199212     0.23189461     0.12978959
     0.77777778     0.25110269     0.22183859     0.13191616
     0.78787879     0.24020898     0.21177829     0.13424741
     0.79797980     0.22931141     0.20171412     0.13681384
     0.80808081     0.21841034     0.19164646     0.13965237
     0.81818182     0.20750612     0.18157563     0.14280817
     0.82828283     0.19659904     0.17150195     0.14633704
     0.83838384     0.18568939     0.16142569     0.15030875
     0.84848485     0.17477740     0.15134710     0.15481170
     0.85858586     0.16386331     0.14126639     0.15995957
     0.86868687     0.15294731     0.13118378     0.16590102
     0.87878788     0.14202958     0.12109945     0.17283429
     0.88888889     0.13111030     0.11101355     0.18102970
     0.89898990     0.12018962     0.10092625     0.19086576
     0.90909091     0.10926766    0.090837678     0.20288919
     0.91919192    0.098344553    0.080747953     0.21792008
     0.92929293    0.087420406    0.070657188     0.23724719
     0.93939394    0.076495320    0.060565482     0.26301843
     0.94949495    0.065569385    0.050472927     0.29910011
     0.95959596    0.054642682    0.040379603     0.35322484
     0.96969697    0.043715285    0.030285585     0.44343538
     0.97979798    0.032787261    0.020190939     0.62386012
     0.98989899    0.021858670    0.010095726      1.1651410
      1.0000000    0.010929567  5.8885730E-18  1.8560637E+15
