      257.00000 mu s
    0.010101010    -0.17934382    0.085975546     0.48939401
    0.020202020    -0.25518158     0.16272048     0.40963230
    0.030303030    -0.32268265     0.23112163     0.37951571
    0.040404040    -0.38264799     0.29198065     0.36371070
    0.050505051    -0.43580160     0.34602215     0.35400496
    0.060606061    -0.48279794     0.39390113     0.34746332
    0.070707071    -0.52422856     0.43620966     0.34277416
    0.080808081    -0.56062820     0.47348293     0.33926288
    0.090909091    -0.59248022     0.50620471     0.33654698
     0.10101010    -0.62022153     0.53481229     0.33439332
     0.11111111    -0.64424707     0.55970095     0.33265170
     0.12121212    -0.66491385     0.58122797     0.33122096
     0.13131313    -0.68254455     0.59971634     0.33003051
     0.14141414    -0.69743088     0.61545800     0.32902955
     0.15151515    -0.70983649     0.62871684     0.32818059
     0.16161616    -0.71999974     0.63973141     0.32745537
     0.17171717    -0.72813605     0.64871731     0.32683220
     0.18181818    -0.73444016     0.65586946     0.32629412
     0.19191919    -0.73908812     0.66136404     0.32582770
     0.20202020    -0.74223902     0.66536030     0.32542217
     0.21212121    -0.74403672     0.66800219     0.32506878
     0.22222222    -0.74461120     0.66941984     0.32476036
     0.23232323    -0.74408001     0.66973087     0.32449100
     0.24242424    -0.74254936     0.66904159     0.32425575
     0.25252525    -0.74011528     0.66744811     0.32405045
     0.26262626    -0.73686457     0.66503731     0.32387161
     0.27272727    -0.73287568     0.66188771     0.32371622
     0.28282828    -0.72821955     0.65807028     0.32358176
     0.29292929    -0.72296026     0.65364920     0.32346602
     0.30303030    -0.71715578     0.64868246     0.32336712
     0.31313131    -0.71085849     0.64322248     0.32328342
     0.32323232    -0.70411572     0.63731665     0.32321352
     0.33333333    -0.69697028     0.63100781     0.32315618
     0.34343434    -0.68946087     0.62433467     0.32311033
     0.35353535    -0.68162243     0.61733225     0.32307504
     0.36363636    -0.67348660     0.61003216     0.32304949
     0.37373737    -0.66508193     0.60246302     0.32303297
     0.38383838    -0.65643427     0.59465068     0.32302488
     0.39393939    -0.64756695     0.58661849     0.32302467
     0.40404040    -0.63850107     0.57838758     0.32303188
     0.41414141    -0.62925573     0.56997704     0.32304613
     0.42424242    -0.61984815     0.56140413     0.32306706
     0.43434343    -0.61029392     0.55268445     0.32309439
     0.44444444    -0.60060714     0.54383210     0.32312790
     0.45454545    -0.59080054     0.53485984     0.32316739
     0.46464646    -0.58088563     0.52577916     0.32321272
     0.47474747    -0.57087282     0.51660051     0.32326378
     0.48484848    -0.56077151     0.50733328     0.32332051
     0.49494949    -0.55059020     0.49798599     0.32338287
     0.50505051    -0.54033659     0.48856633     0.32345087
     0.51515152    -0.53001761     0.47908125     0.32352454
     0.52525253    -0.51963956     0.46953704     0.32360398
     0.53535354    -0.50920809     0.45993938     0.32368927
     0.54545455    -0.49872836     0.45029340     0.32378059
     0.55555556    -0.48820498     0.44060375     0.32387810
     0.56565657    -0.47764216     0.43087462     0.32398204
     0.57575758    -0.46704369     0.42110980     0.32409268
     0.58585859    -0.45641299     0.41131273     0.32421032
     0.59595960    -0.44575316     0.40148651     0.32433533
     0.60606061    -0.43506699     0.39163392     0.32446811
     0.61616162    -0.42435702     0.38175752     0.32460916
     0.62626263    -0.41362553     0.37185957     0.32475899
     0.63636364    -0.40287459     0.36194216     0.32491822
     0.64646465    -0.39210608     0.35200716     0.32508753
     0.65656566    -0.38132167     0.34205625     0.32526771
     0.66666667    -0.37052289     0.33209097     0.32545965
     0.67676768    -0.35971113     0.32211268     0.32566434
     0.68686869    -0.34888764     0.31212266     0.32588293
     0.69696970    -0.33805353     0.30212201     0.32611671
     0.70707071    -0.32720984     0.29211176     0.32636718
     0.71717172    -0.31635747     0.28209284     0.32663603
     0.72727273    -0.30549727     0.27206607     0.32692523
     0.73737374    -0.29462999     0.26203222     0.32723704
     0.74747475    -0.28375630     0.25199196     0.32757409
     0.75757576    -0.27287683     0.24194590     0.32793944
     0.76767677    -0.26199212     0.23189461     0.32833670
     0.77777778    -0.25110269     0.22183859     0.32877012
     0.78787879    -0.24020898     0.21177829     0.32924476
     0.79797980    -0.22931141     0.20171412     0.32976669
     0.80808081    -0.21841034     0.19164646     0.33034322
     0.81818182    -0.20750612     0.18157563     0.33098329
     0.82828283    -0.19659904     0.17150195     0.33169792
     0.83838384    -0.18568939     0.16142569     0.33250082
     0.84848485    -0.17477740     0.15134710     0.33340933
     0.85858586    -0.16386331     0.14126639     0.33444562
     0.86868687    -0.15294731     0.13118378     0.33563861
     0.87878788    -0.14202958     0.12109945     0.33702661
     0.88888889    -0.13111030     0.11101355     0.33866158
     0.89898990    -0.12018962     0.10092625     0.34061577
     0.90909091    -0.10926766    0.090837678     0.34299265
     0.91919192   -0.098344553    0.080747953     0.34594589
     0.92929293   -0.087420406    0.070657188     0.34971397
     0.93939394   -0.076495320    0.060565482     0.35468809
     0.94949495   -0.065569385    0.050472927     0.36155788
     0.95959596   -0.054642682    0.040379603     0.37166342
     0.96969697   -0.043715285    0.030285585     0.38800086
     0.97979798   -0.032787261    0.020190939     0.41894068
     0.98989899   -0.021858670    0.010095726     0.50039306
