      14962.000 mu s
   0.0010010010   -0.018001195   0.0089591211     0.47845958
   0.0020020020   -0.026852990    0.017819039     0.39915140
   0.0030030030   -0.035606570    0.026580742     0.36913468
   0.0040040040   -0.044262914    0.035245208     0.35331142
   0.0050050050   -0.052822990    0.043813406     0.34353371
   0.0060060060   -0.061287758    0.052286294     0.33689126
   0.0070070070   -0.069658166    0.060664822     0.33208410
   0.0080080080   -0.077935155    0.068949929     0.32844387
   0.0090090090   -0.086119655    0.077142547     0.32559167
    0.010010010   -0.094212586    0.085243596     0.32329666
    0.011011011    -0.10221486    0.093253989     0.32141014
    0.012012012    -0.11012738     0.10117463     0.31983202
    0.013013013    -0.11795105     0.10900641     0.31849243
    0.014014014    -0.12568674     0.11675021     0.31734114
    0.015015015    -0.13333533     0.12440692     0.31634109
    0.016016016    -0.14089769     0.13197739     0.31546434
    0.017017017    -0.14837468     0.13946249     0.31468946
    0.018018018    -0.15576715     0.14686307     0.31399969
    0.019019019    -0.16307594     0.15417998     0.31338176
    0.020020020    -0.17030189     0.16141403     0.31282503
    0.021021021    -0.17744581     0.16856606     0.31232086
    0.022022022    -0.18450853     0.17563689     0.31186216
    0.023023023    -0.19149086     0.18262732     0.31144306
    0.024024024    -0.19839359     0.18953816     0.31105866
    0.025025025    -0.20521752     0.19637020     0.31070484
    0.026026026    -0.21196343     0.20312422     0.31037810
    0.027027027    -0.21863210     0.20980100     0.31007547
    0.028028028    -0.22522430     0.21640130     0.30979438
    0.029029029    -0.23174080     0.22292590     0.30953261
    0.030030030    -0.23818234     0.22937555     0.30928827
    0.031031031    -0.24454967     0.23575098     0.30905967
    0.032032032    -0.25084354     0.24205295     0.30884534
    0.033033033    -0.25706466     0.24828218     0.30864401
    0.034034034    -0.26321378     0.25443939     0.30845453
    0.035035035    -0.26929159     0.26052531     0.30827589
    0.036036036    -0.27529883     0.26654064     0.30810720
    0.037037037    -0.28123618     0.27248609     0.30794765
    0.038038038    -0.28710434     0.27836236     0.30779653
    0.039039039    -0.29290401     0.28417012     0.30765319
    0.040040040    -0.29863586     0.28991007     0.30751706
    0.041041041    -0.30430058     0.29558289     0.30738761
    0.042042042    -0.30989882     0.30118922     0.30726436
    0.043043043    -0.31543126     0.30672976     0.30714688
    0.044044044    -0.32089854     0.31220513     0.30703479
    0.045045045    -0.32630131     0.31761600     0.30692773
    0.046046046    -0.33164023     0.32296301     0.30682536
    0.047047047    -0.33691592     0.32824680     0.30672740
    0.048048048    -0.34212901     0.33346798     0.30663357
    0.049049049    -0.34728013     0.33862720     0.30654361
    0.050050050    -0.35236990     0.34372506     0.30645730
    0.051051051    -0.35739892     0.34876217     0.30637441
    0.052052052    -0.36236780     0.35373914     0.30629477
    0.053053053    -0.36727715     0.35865658     0.30621817
    0.054054054    -0.37212754     0.36351506     0.30614446
    0.055055055    -0.37691958     0.36831519     0.30607348
    0.056056056    -0.38165383     0.37305753     0.30600508
    0.057057057    -0.38633089     0.37774267     0.30593912
    0.058058058    -0.39095131     0.38237118     0.30587549
    0.059059059    -0.39551566     0.38694362     0.30581405
    0.060060060    -0.40002450     0.39146055     0.30575471
    0.061061061    -0.40447838     0.39592252     0.30569736
    0.062062062    -0.40887785     0.40033007     0.30564191
    0.063063063    -0.41322345     0.40468376     0.30558826
    0.064064064    -0.41751572     0.40898412     0.30553633
    0.065065065    -0.42175519     0.41323167     0.30548604
    0.066066066    -0.42594238     0.41742695     0.30543732
    0.067067067    -0.43007782     0.42157047     0.30539010
    0.068068068    -0.43416202     0.42566276     0.30534430
    0.069069069    -0.43819549     0.42970431     0.30529988
    0.070070070    -0.44217874     0.43369564     0.30525677
    0.071071071    -0.44611227     0.43763725     0.30521491
    0.072072072    -0.44999656     0.44152963     0.30517425
    0.073073073    -0.45383212     0.44537327     0.30513475
    0.074074074    -0.45761943     0.44916866     0.30509636
    0.075075075    -0.46135897     0.45291628     0.30505903
    0.076076076    -0.46505121     0.45661660     0.30502272
    0.077077077    -0.46869662     0.46027009     0.30498740
    0.078078078    -0.47229568     0.46387723     0.30495301
    0.079079079    -0.47584884     0.46743847     0.30491954
    0.080080080    -0.47935656     0.47095427     0.30488694
    0.081081081    -0.48281929     0.47442508     0.30485518
    0.082082082    -0.48623749     0.47785136     0.30482424
    0.083083083    -0.48961159     0.48123354     0.30479407
    0.084084084    -0.49294203     0.48457206     0.30476466
    0.085085085    -0.49622926     0.48786736     0.30473598
    0.086086086    -0.49947369     0.49111987     0.30470800
    0.087087087    -0.50267576     0.49433001     0.30468069
    0.088088088    -0.50583588     0.49749821     0.30465405
    0.089089089    -0.50895448     0.50062489     0.30462803
    0.090090090    -0.51203197     0.50371045     0.30460263
    0.091091091    -0.51506876     0.50675532     0.30457782
    0.092092092    -0.51806525     0.50975988     0.30455358
    0.093093093    -0.52102185     0.51272455     0.30452990
    0.094094094    -0.52393895     0.51564973     0.30450675
    0.095095095    -0.52681694     0.51853580     0.30448412
    0.096096096    -0.52965622     0.52138315     0.30446199
    0.097097097    -0.53245717     0.52419217     0.30444036
    0.098098098    -0.53522018     0.52696325     0.30441919
    0.099099099    -0.53794561     0.52969676     0.30439849
     0.10010010    -0.54063385     0.53239307     0.30437823
     0.10110110    -0.54328526     0.53505255     0.30435840
     0.10210210    -0.54590022     0.53767558     0.30433898
     0.10310310    -0.54847908     0.54026251     0.30431998
     0.10410410    -0.55102221     0.54281371     0.30430137
     0.10510511    -0.55352995     0.54532953     0.30428315
     0.10610611    -0.55600267     0.54781032     0.30426529
     0.10710711    -0.55844071     0.55025643     0.30424780
     0.10810811    -0.56084442     0.55266821     0.30423067
     0.10910911    -0.56321414     0.55504599     0.30421387
     0.11011011    -0.56555021     0.55739013     0.30419741
     0.11111111    -0.56785295     0.55970095     0.30418127
     0.11211211    -0.57012272     0.56197878     0.30416545
     0.11311311    -0.57235982     0.56422395     0.30414993
     0.11411411    -0.57456460     0.56643680     0.30413472
     0.11511512    -0.57673736     0.56861763     0.30411979
     0.11611612    -0.57887844     0.57076677     0.30410515
     0.11711712    -0.58098814     0.57288454     0.30409079
     0.11811812    -0.58306678     0.57497124     0.30407669
     0.11911912    -0.58511466     0.57702719     0.30406286
     0.12012012    -0.58713210     0.57905270     0.30404929
     0.12112112    -0.58911939     0.58104806     0.30403596
     0.12212212    -0.59107684     0.58301358     0.30402288
     0.12312312    -0.59300475     0.58494955     0.30401003
     0.12412412    -0.59490340     0.58685627     0.30399742
     0.12512513    -0.59677309     0.58873402     0.30398503
     0.12612613    -0.59861411     0.59058311     0.30397286
     0.12712713    -0.60042675     0.59240381     0.30396091
     0.12812813    -0.60221128     0.59419640     0.30394917
     0.12912913    -0.60396799     0.59596118     0.30393764
     0.13013013    -0.60569715     0.59769840     0.30392631
     0.13113113    -0.60739903     0.59940835     0.30391517
     0.13213213    -0.60907392     0.60109130     0.30390422
     0.13313313    -0.61072208     0.60274752     0.30389347
     0.13413413    -0.61234377     0.60437728     0.30388289
     0.13513514    -0.61393926     0.60598083     0.30387250
     0.13613614    -0.61550880     0.60755844     0.30386228
     0.13713714    -0.61705267     0.60911037     0.30385223
     0.13813814    -0.61857111     0.61063687     0.30384235
     0.13913914    -0.62006437     0.61213819     0.30383263
     0.14014014    -0.62153271     0.61361460     0.30382307
     0.14114114    -0.62297638     0.61506633     0.30381368
     0.14214214    -0.62439562     0.61649363     0.30380443
     0.14314314    -0.62579067     0.61789674     0.30379533
     0.14414414    -0.62716178     0.61927591     0.30378639
     0.14514515    -0.62850919     0.62063138     0.30377758
     0.14614615    -0.62983312     0.62196337     0.30376892
     0.14714715    -0.63113382     0.62327213     0.30376040
     0.14814815    -0.63241151     0.62455788     0.30375201
     0.14914915    -0.63366642     0.62582086     0.30374375
     0.15015015    -0.63489879     0.62706129     0.30373563
     0.15115115    -0.63610884     0.62827939     0.30372763
     0.15215215    -0.63729678     0.62947539     0.30371976
     0.15315315    -0.63846284     0.63064951     0.30371201
     0.15415415    -0.63960723     0.63180197     0.30370438
     0.15515516    -0.64073018     0.63293297     0.30369686
     0.15615616    -0.64183190     0.63404275     0.30368947
     0.15715716    -0.64291259     0.63513150     0.30368218
     0.15815816    -0.64397247     0.63619943     0.30367501
     0.15915916    -0.64501174     0.63724676     0.30366795
     0.16016016    -0.64603061     0.63827369     0.30366099
     0.16116116    -0.64702928     0.63928042     0.30365414
     0.16216216    -0.64800796     0.64026716     0.30364739
     0.16316316    -0.64896684     0.64123409     0.30364075
     0.16416416    -0.64990612     0.64218143     0.30363420
     0.16516517    -0.65082599     0.64310936     0.30362775
     0.16616617    -0.65172665     0.64401808     0.30362139
     0.16716717    -0.65260829     0.64490778     0.30361513
     0.16816817    -0.65347111     0.64577865     0.30360896
     0.16916917    -0.65431527     0.64663087     0.30360288
     0.17017017    -0.65514098     0.64746464     0.30359689
     0.17117117    -0.65594842     0.64828013     0.30359099
     0.17217217    -0.65673776     0.64907753     0.30358517
     0.17317317    -0.65750920     0.64985702     0.30357944
     0.17417417    -0.65826290     0.65061878     0.30357379
     0.17517518    -0.65899904     0.65136298     0.30356823
     0.17617618    -0.65971780     0.65208979     0.30356274
     0.17717718    -0.66041935     0.65279940     0.30355733
     0.17817818    -0.66110387     0.65349197     0.30355200
     0.17917918    -0.66177152     0.65416768     0.30354674
     0.18018018    -0.66242246     0.65482668     0.30354156
     0.18118118    -0.66305688     0.65546915     0.30353645
     0.18218218    -0.66367493     0.65609525     0.30353142
     0.18318318    -0.66427677     0.65670515     0.30352645
     0.18418418    -0.66486256     0.65729900     0.30352156
     0.18518519    -0.66543248     0.65787697     0.30351673
     0.18618619    -0.66598666     0.65843921     0.30351197
     0.18718719    -0.66652528     0.65898588     0.30350728
     0.18818819    -0.66704848     0.65951714     0.30350265
     0.18918919    -0.66755643     0.66003313     0.30349809
     0.19019019    -0.66804926     0.66053402     0.30349359
     0.19119119    -0.66852713     0.66101995     0.30348916
     0.19219219    -0.66899020     0.66149107     0.30348478
     0.19319319    -0.66943860     0.66194753     0.30348047
     0.19419419    -0.66987249     0.66238947     0.30347621
     0.19519520    -0.67029201     0.66281704     0.30347201
     0.19619620    -0.67069730     0.66323038     0.30346787
     0.19719720    -0.67108850     0.66362963     0.30346379
     0.19819820    -0.67146576     0.66401494     0.30345976
     0.19919920    -0.67182920     0.66438644     0.30345579
     0.20020020    -0.67217898     0.66474428     0.30345187
     0.20120120    -0.67251523     0.66508857     0.30344801
     0.20220220    -0.67283808     0.66541947     0.30344420
     0.20320320    -0.67314766     0.66573711     0.30344044
     0.20420420    -0.67344411     0.66604161     0.30343673
     0.20520521    -0.67372755     0.66633311     0.30343307
     0.20620621    -0.67399813     0.66661173     0.30342946
     0.20720721    -0.67425596     0.66687761     0.30342589
     0.20820821    -0.67450117     0.66713088     0.30342238
     0.20920921    -0.67473389     0.66737165     0.30341891
     0.21021021    -0.67495424     0.66760005     0.30341550
     0.21121121    -0.67516234     0.66781621     0.30341212
     0.21221221    -0.67535833     0.66802025     0.30340879
     0.21321321    -0.67554231     0.66821228     0.30340551
     0.21421421    -0.67571441     0.66839243     0.30340227
     0.21521522    -0.67587475     0.66856082     0.30339907
     0.21621622    -0.67602344     0.66871756     0.30339592
     0.21721722    -0.67616060     0.66886277     0.30339281
     0.21821822    -0.67628634     0.66899657     0.30338974
     0.21921922    -0.67640079     0.66911906     0.30338671
     0.22022022    -0.67650404     0.66923036     0.30338372
     0.22122122    -0.67659621     0.66933059     0.30338077
     0.22222222    -0.67667742     0.66941984     0.30337786
     0.22322322    -0.67674777     0.66949824     0.30337499
     0.22422422    -0.67680736     0.66956589     0.30337215
     0.22522523    -0.67685632     0.66962289     0.30336936
     0.22622623    -0.67689474     0.66966936     0.30336660
     0.22722723    -0.67692272     0.66970540     0.30336388
     0.22822823    -0.67694038     0.66973110     0.30336119
     0.22922923    -0.67694781     0.66974658     0.30335854
     0.23023023    -0.67694511     0.66975194     0.30335593
     0.23123123    -0.67693240     0.66974727     0.30335335
     0.23223223    -0.67690976     0.66973268     0.30335080
     0.23323323    -0.67687730     0.66970827     0.30334829
     0.23423423    -0.67683511     0.66967413     0.30334581
     0.23523524    -0.67678329     0.66963036     0.30334337
     0.23623624    -0.67672193     0.66957706     0.30334096
     0.23723724    -0.67665114     0.66951432     0.30333858
     0.23823824    -0.67657101     0.66944223     0.30333623
     0.23923924    -0.67648162     0.66936089     0.30333391
     0.24024024    -0.67638307     0.66927039     0.30333162
     0.24124124    -0.67627546     0.66917083     0.30332937
     0.24224224    -0.67615887     0.66906228     0.30332714
     0.24324324    -0.67603339     0.66894485     0.30332494
     0.24424424    -0.67589911     0.66881862     0.30332277
     0.24524525    -0.67575611     0.66868367     0.30332064
     0.24624625    -0.67560449     0.66854010     0.30331853
     0.24724725    -0.67544434     0.66838799     0.30331644
     0.24824825    -0.67527572     0.66822743     0.30331439
     0.24924925    -0.67509874     0.66805850     0.30331236
     0.25025025    -0.67491347     0.66788127     0.30331037
     0.25125125    -0.67472000     0.66769585     0.30330839
     0.25225225    -0.67451840     0.66750230     0.30330645
     0.25325325    -0.67430876     0.66730071     0.30330453
     0.25425425    -0.67409116     0.66709116     0.30330264
     0.25525526    -0.67386568     0.66687372     0.30330077
     0.25625626    -0.67363239     0.66664848     0.30329893
     0.25725726    -0.67339138     0.66641552     0.30329711
     0.25825826    -0.67314272     0.66617490     0.30329531
     0.25925926    -0.67288648     0.66592672     0.30329355
     0.26026026    -0.67262275     0.66567103     0.30329180
     0.26126126    -0.67235159     0.66540792     0.30329008
     0.26226226    -0.67207309     0.66513747     0.30328838
     0.26326326    -0.67178731     0.66485973     0.30328671
     0.26426426    -0.67149432     0.66457480     0.30328506
     0.26526527    -0.67119421     0.66428273     0.30328343
     0.26626627    -0.67088703     0.66398360     0.30328183
     0.26726727    -0.67057287     0.66367748     0.30328024
     0.26826827    -0.67025178     0.66336444     0.30327868
     0.26926927    -0.66992384     0.66304455     0.30327714
     0.27027027    -0.66958912     0.66271788     0.30327562
     0.27127127    -0.66924769     0.66238449     0.30327413
     0.27227227    -0.66889960     0.66204445     0.30327265
     0.27327327    -0.66854493     0.66169783     0.30327119
     0.27427427    -0.66818375     0.66134469     0.30326976
     0.27527528    -0.66781611     0.66098510     0.30326835
     0.27627628    -0.66744208     0.66061912     0.30326695
     0.27727728    -0.66706173     0.66024681     0.30326558
     0.27827828    -0.66667512     0.65986825     0.30326422
     0.27927928    -0.66628231     0.65948348     0.30326289
     0.28028028    -0.66588336     0.65909258     0.30326157
     0.28128128    -0.66547834     0.65869560     0.30326027
     0.28228228    -0.66506730     0.65829261     0.30325899
     0.28328328    -0.66465030     0.65788366     0.30325773
     0.28428428    -0.66422741     0.65746882     0.30325649
     0.28528529    -0.66379868     0.65704813     0.30325527
     0.28628629    -0.66336417     0.65662167     0.30325406
     0.28728729    -0.66292394     0.65618948     0.30325287
     0.28828829    -0.66247804     0.65575163     0.30325170
     0.28928929    -0.66202654     0.65530818     0.30325055
     0.29029029    -0.66156948     0.65485916     0.30324941
     0.29129129    -0.66110693     0.65440466     0.30324830
     0.29229229    -0.66063893     0.65394470     0.30324719
     0.29329329    -0.66016554     0.65347936     0.30324611
     0.29429429    -0.65968682     0.65300869     0.30324504
     0.29529530    -0.65920282     0.65253273     0.30324399
     0.29629630    -0.65871359     0.65205155     0.30324295
     0.29729730    -0.65821918     0.65156519     0.30324193
     0.29829830    -0.65771965     0.65107370     0.30324093
     0.29929930    -0.65721504     0.65057714     0.30323994
     0.30030030    -0.65670541     0.65007555     0.30323897
     0.30130130    -0.65619081     0.64956899     0.30323801
     0.30230230    -0.65567128     0.64905751     0.30323707
     0.30330330    -0.65514687     0.64854115     0.30323614
     0.30430430    -0.65461764     0.64801996     0.30323523
     0.30530531    -0.65408363     0.64749400     0.30323433
     0.30630631    -0.65354489     0.64696330     0.30323345
     0.30730731    -0.65300147     0.64642793     0.30323258
     0.30830831    -0.65245341     0.64588791     0.30323172
     0.30930931    -0.65190076     0.64534330     0.30323088
     0.31031031    -0.65134356     0.64479415     0.30323006
     0.31131131    -0.65078186     0.64424050     0.30322924
     0.31231231    -0.65021571     0.64368239     0.30322845
     0.31331331    -0.64964514     0.64311987     0.30322766
     0.31431431    -0.64907021     0.64255299     0.30322689
     0.31531532    -0.64849096     0.64198178     0.30322613
     0.31631632    -0.64790743     0.64140629     0.30322539
     0.31731732    -0.64731966     0.64082656     0.30322466
     0.31831832    -0.64672769     0.64024264     0.30322394
     0.31931932    -0.64613157     0.63965457     0.30322323
     0.32032032    -0.64553134     0.63906238     0.30322254
     0.32132132    -0.64492703     0.63846612     0.30322186
     0.32232232    -0.64431870     0.63786583     0.30322119
     0.32332332    -0.64370637     0.63726155     0.30322054
     0.32432432    -0.64309010     0.63665332     0.30321990
     0.32532533    -0.64246991     0.63604117     0.30321927
     0.32632633    -0.64184585     0.63542516     0.30321865
     0.32732733    -0.64121795     0.63480531     0.30321804
     0.32832833    -0.64058626     0.63418166     0.30321745
     0.32932933    -0.63995081     0.63355426     0.30321686
     0.33033033    -0.63931165     0.63292313     0.30321629
     0.33133133    -0.63866879     0.63228833     0.30321573
     0.33233233    -0.63802229     0.63164987     0.30321519
     0.33333333    -0.63737219     0.63100781     0.30321465
     0.33433433    -0.63671850     0.63036217     0.30321413
     0.33533534    -0.63606128     0.62971299     0.30321361
     0.33633634    -0.63540055     0.62906031     0.30321311
     0.33733734    -0.63473636     0.62840415     0.30321262
     0.33833834    -0.63406873     0.62774457     0.30321214
     0.33933934    -0.63339770     0.62708158     0.30321166
     0.34034034    -0.63272330     0.62641523     0.30321121
     0.34134134    -0.63204557     0.62574555     0.30321076
     0.34234234    -0.63136454     0.62507256     0.30321032
     0.34334334    -0.63068025     0.62439631     0.30320989
     0.34434434    -0.62999272     0.62371683     0.30320947
     0.34534535    -0.62930199     0.62303414     0.30320906
     0.34634635    -0.62860809     0.62234828     0.30320867
     0.34734735    -0.62791105     0.62165929     0.30320828
     0.34834835    -0.62721090     0.62096719     0.30320790
     0.34934935    -0.62650768     0.62027201     0.30320754
     0.35035035    -0.62580141     0.61957378     0.30320718
     0.35135135    -0.62509213     0.61887254     0.30320683
     0.35235235    -0.62437986     0.61816832     0.30320649
     0.35335335    -0.62366464     0.61746114     0.30320617
     0.35435435    -0.62294649     0.61675103     0.30320585
     0.35535536    -0.62222544     0.61603803     0.30320554
     0.35635636    -0.62150153     0.61532216     0.30320524
     0.35735736    -0.62077477     0.61460345     0.30320495
     0.35835836    -0.62004521     0.61388193     0.30320467
     0.35935936    -0.61931286     0.61315762     0.30320439
     0.36036036    -0.61857776     0.61243056     0.30320413
     0.36136136    -0.61783992     0.61170078     0.30320388
     0.36236236    -0.61709939     0.61096829     0.30320363
     0.36336336    -0.61635619     0.61023312     0.30320340
     0.36436436    -0.61561033     0.60949531     0.30320317
     0.36536537    -0.61486186     0.60875488     0.30320295
     0.36636637    -0.61411079     0.60801186     0.30320274
     0.36736737    -0.61335715     0.60726626     0.30320254
     0.36836837    -0.61260097     0.60651812     0.30320235
     0.36936937    -0.61184227     0.60576747     0.30320217
     0.37037037    -0.61108107     0.60501432     0.30320199
     0.37137137    -0.61031741     0.60425870     0.30320182
     0.37237237    -0.60955131     0.60350064     0.30320167
     0.37337337    -0.60878278     0.60274016     0.30320152
     0.37437437    -0.60801187     0.60197728     0.30320137
     0.37537538    -0.60723857     0.60121204     0.30320124
     0.37637638    -0.60646294     0.60044444     0.30320111
     0.37737738    -0.60568497     0.59967452     0.30320100
     0.37837838    -0.60490471     0.59890230     0.30320089
     0.37937938    -0.60412217     0.59812780     0.30320079
     0.38038038    -0.60333737     0.59735105     0.30320069
     0.38138138    -0.60255034     0.59657206     0.30320061
     0.38238238    -0.60176110     0.59579086     0.30320053
     0.38338338    -0.60096967     0.59500748     0.30320046
     0.38438438    -0.60017608     0.59422192     0.30320040
     0.38538539    -0.59938033     0.59343423     0.30320034
     0.38638639    -0.59858247     0.59264440     0.30320029
     0.38738739    -0.59778250     0.59185248     0.30320025
     0.38838839    -0.59698045     0.59105847     0.30320022
     0.38938939    -0.59617634     0.59026240     0.30320020
     0.39039039    -0.59537018     0.58946429     0.30320018
     0.39139139    -0.59456201     0.58866416     0.30320017
     0.39239239    -0.59375184     0.58786203     0.30320017
     0.39339339    -0.59293968     0.58705792     0.30320017
     0.39439439    -0.59212557     0.58625185     0.30320019
     0.39539540    -0.59130951     0.58544384     0.30320021
     0.39639640    -0.59049154     0.58463390     0.30320023
     0.39739740    -0.58967166     0.58382206     0.30320027
     0.39839840    -0.58884989     0.58300834     0.30320031
     0.39939940    -0.58802627     0.58219276     0.30320035
     0.40040040    -0.58720079     0.58137533     0.30320041
     0.40140140    -0.58637349     0.58055607     0.30320047
     0.40240240    -0.58554438     0.57973500     0.30320054
     0.40340340    -0.58471347     0.57891214     0.30320062
     0.40440440    -0.58388080     0.57808750     0.30320070
     0.40540541    -0.58304636     0.57726111     0.30320079
     0.40640641    -0.58221019     0.57643298     0.30320088
     0.40740741    -0.58137230     0.57560313     0.30320099
     0.40840841    -0.58053270     0.57477158     0.30320110
     0.40940941    -0.57969141     0.57393834     0.30320121
     0.41041041    -0.57884846     0.57310342     0.30320134
     0.41141141    -0.57800385     0.57226686     0.30320147
     0.41241241    -0.57715760     0.57142865     0.30320160
     0.41341341    -0.57630973     0.57058883     0.30320174
     0.41441441    -0.57546026     0.56974740     0.30320189
     0.41541542    -0.57460920     0.56890438     0.30320205
     0.41641642    -0.57375657     0.56805979     0.30320221
     0.41741742    -0.57290238     0.56721364     0.30320238
     0.41841842    -0.57204664     0.56636595     0.30320256
     0.41941942    -0.57118938     0.56551673     0.30320274
     0.42042042    -0.57033061     0.56466600     0.30320293
     0.42142142    -0.56947034     0.56381378     0.30320312
     0.42242242    -0.56860859     0.56296007     0.30320332
     0.42342342    -0.56774538     0.56210490     0.30320353
     0.42442442    -0.56688071     0.56124827     0.30320374
     0.42542543    -0.56601461     0.56039021     0.30320396
     0.42642643    -0.56514708     0.55953072     0.30320418
     0.42742743    -0.56427814     0.55866983     0.30320442
     0.42842843    -0.56340781     0.55780754     0.30320465
     0.42942943    -0.56253609     0.55694387     0.30320490
     0.43043043    -0.56166301     0.55607883     0.30320515
     0.43143143    -0.56078858     0.55521244     0.30320540
     0.43243243    -0.55991280     0.55434471     0.30320567
     0.43343343    -0.55903570     0.55347565     0.30320593
     0.43443443    -0.55815729     0.55260527     0.30320621
     0.43543544    -0.55727757     0.55173360     0.30320649
     0.43643644    -0.55639657     0.55086064     0.30320677
     0.43743744    -0.55551429     0.54998640     0.30320707
     0.43843844    -0.55463075     0.54911090     0.30320736
     0.43943944    -0.55374596     0.54823416     0.30320767
     0.44044044    -0.55285993     0.54735617     0.30320798
     0.44144144    -0.55197268     0.54647696     0.30320829
     0.44244244    -0.55108421     0.54559654     0.30320861
     0.44344344    -0.55019455     0.54471492     0.30320894
     0.44444444    -0.54930369     0.54383210     0.30320927
     0.44544545    -0.54841166     0.54294812     0.30320961
     0.44644645    -0.54751847     0.54206296     0.30320996
     0.44744745    -0.54662412     0.54117666     0.30321031
     0.44844845    -0.54572863     0.54028921     0.30321067
     0.44944945    -0.54483201     0.53940063     0.30321103
     0.45045045    -0.54393427     0.53851093     0.30321139
     0.45145145    -0.54303542     0.53762013     0.30321177
     0.45245245    -0.54213547     0.53672822     0.30321215
     0.45345345    -0.54123444     0.53583523     0.30321253
     0.45445445    -0.54033233     0.53494117     0.30321292
     0.45545546    -0.53942916     0.53404604     0.30321332
     0.45645646    -0.53852494     0.53314985     0.30321372
     0.45745746    -0.53761967     0.53225263     0.30321413
     0.45845846    -0.53671336     0.53135437     0.30321454
     0.45945946    -0.53580604     0.53045508     0.30321496
     0.46046046    -0.53489770     0.52955479     0.30321538
     0.46146146    -0.53398836     0.52865349     0.30321581
     0.46246246    -0.53307803     0.52775120     0.30321625
     0.46346346    -0.53216671     0.52684792     0.30321669
     0.46446446    -0.53125442     0.52594368     0.30321714
     0.46546547    -0.53034117     0.52503847     0.30321759
     0.46646647    -0.52942696     0.52413230     0.30321804
     0.46746747    -0.52851181     0.52322520     0.30321851
     0.46846847    -0.52759573     0.52231715     0.30321898
     0.46946947    -0.52667872     0.52140819     0.30321945
     0.47047047    -0.52576079     0.52049830     0.30321993
     0.47147147    -0.52484196     0.51958751     0.30322041
     0.47247247    -0.52392223     0.51867582     0.30322091
     0.47347347    -0.52300161     0.51776324     0.30322140
     0.47447447    -0.52208011     0.51684978     0.30322190
     0.47547548    -0.52115774     0.51593545     0.30322241
     0.47647648    -0.52023450     0.51502026     0.30322292
     0.47747748    -0.51931041     0.51410422     0.30322344
     0.47847848    -0.51838548     0.51318732     0.30322396
     0.47947948    -0.51745971     0.51226959     0.30322449
     0.48048048    -0.51653310     0.51135103     0.30322503
     0.48148148    -0.51560568     0.51043165     0.30322557
     0.48248248    -0.51467745     0.50951146     0.30322611
     0.48348348    -0.51374841     0.50859047     0.30322666
     0.48448448    -0.51281858     0.50766867     0.30322722
     0.48548549    -0.51188795     0.50674609     0.30322778
     0.48648649    -0.51095655     0.50582273     0.30322835
     0.48748749    -0.51002437     0.50489859     0.30322892
     0.48848849    -0.50909143     0.50397369     0.30322950
     0.48948949    -0.50815773     0.50304804     0.30323008
     0.49049049    -0.50722328     0.50212163     0.30323067
     0.49149149    -0.50628809     0.50119448     0.30323126
     0.49249249    -0.50535216     0.50026660     0.30323186
     0.49349349    -0.50441551     0.49933798     0.30323247
     0.49449449    -0.50347813     0.49840865     0.30323308
     0.49549550    -0.50254004     0.49747860     0.30323369
     0.49649650    -0.50160125     0.49654785     0.30323431
     0.49749750    -0.50066175     0.49561640     0.30323494
     0.49849850    -0.49972157     0.49468425     0.30323557
     0.49949950    -0.49878070     0.49375142     0.30323621
     0.50050050    -0.49783915     0.49281791     0.30323685
     0.50150150    -0.49689692     0.49188373     0.30323750
     0.50250250    -0.49595404     0.49094889     0.30323816
     0.50350350    -0.49501049     0.49001339     0.30323881
     0.50450450    -0.49406629     0.48907723     0.30323948
     0.50550551    -0.49312145     0.48814043     0.30324015
     0.50650651    -0.49217597     0.48720299     0.30324083
     0.50750751    -0.49122985     0.48626492     0.30324151
     0.50850851    -0.49028311     0.48532622     0.30324219
     0.50950951    -0.48933575     0.48438690     0.30324289
     0.51051051    -0.48838778     0.48344697     0.30324358
     0.51151151    -0.48743920     0.48250642     0.30324429
     0.51251251    -0.48649001     0.48156528     0.30324499
     0.51351351    -0.48554023     0.48062354     0.30324571
     0.51451451    -0.48458986     0.47968122     0.30324643
     0.51551552    -0.48363891     0.47873830     0.30324715
     0.51651652    -0.48268738     0.47779481     0.30324788
     0.51751752    -0.48173527     0.47685075     0.30324862
     0.51851852    -0.48078260     0.47590612     0.30324936
     0.51951952    -0.47982937     0.47496093     0.30325011
     0.52052052    -0.47887558     0.47401519     0.30325086
     0.52152152    -0.47792124     0.47306889     0.30325162
     0.52252252    -0.47696636     0.47212205     0.30325239
     0.52352352    -0.47601094     0.47117467     0.30325316
     0.52452452    -0.47505499     0.47022676     0.30325393
     0.52552553    -0.47409851     0.46927832     0.30325471
     0.52652653    -0.47314150     0.46832936     0.30325550
     0.52752753    -0.47218398     0.46737987     0.30325629
     0.52852853    -0.47122594     0.46642988     0.30325709
     0.52952953    -0.47026740     0.46547938     0.30325789
     0.53053053    -0.46930835     0.46452837     0.30325870
     0.53153153    -0.46834881     0.46357687     0.30325952
     0.53253253    -0.46738877     0.46262488     0.30326034
     0.53353353    -0.46642825     0.46167239     0.30326117
     0.53453453    -0.46546724     0.46071943     0.30326200
     0.53553554    -0.46450576     0.45976599     0.30326284
     0.53653654    -0.46354380     0.45881207     0.30326368
     0.53753754    -0.46258137     0.45785769     0.30326453
     0.53853854    -0.46161848     0.45690284     0.30326539
     0.53953954    -0.46065513     0.45594753     0.30326625
     0.54054054    -0.45969133     0.45499177     0.30326711
     0.54154154    -0.45872707     0.45403555     0.30326799
     0.54254254    -0.45776237     0.45307890     0.30326887
     0.54354354    -0.45679723     0.45212180     0.30326975
     0.54454454    -0.45583165     0.45116426     0.30327064
     0.54554555    -0.45486564     0.45020629     0.30327154
     0.54654655    -0.45389920     0.44924790     0.30327244
     0.54754755    -0.45293234     0.44828907     0.30327335
     0.54854855    -0.45196506     0.44732983     0.30327426
     0.54954955    -0.45099736     0.44637018     0.30327518
     0.55055055    -0.45002925     0.44541011     0.30327611
     0.55155155    -0.44906074     0.44444964     0.30327704
     0.55255255    -0.44809182     0.44348876     0.30327798
     0.55355355    -0.44712250     0.44252748     0.30327893
     0.55455455    -0.44615279     0.44156581     0.30327988
     0.55555556    -0.44518268     0.44060375     0.30328084
     0.55655656    -0.44421219     0.43964130     0.30328180
     0.55755756    -0.44324131     0.43867846     0.30328277
     0.55855856    -0.44227006     0.43771525     0.30328374
     0.55955956    -0.44129843     0.43675166     0.30328473
     0.56056056    -0.44032642     0.43578770     0.30328571
     0.56156156    -0.43935405     0.43482337     0.30328671
     0.56256256    -0.43838131     0.43385867     0.30328771
     0.56356356    -0.43740821     0.43289361     0.30328872
     0.56456456    -0.43643476     0.43192820     0.30328973
     0.56556557    -0.43546095     0.43096243     0.30329075
     0.56656657    -0.43448679     0.42999631     0.30329178
     0.56756757    -0.43351228     0.42902985     0.30329281
     0.56856857    -0.43253743     0.42806304     0.30329385
     0.56956957    -0.43156224     0.42709589     0.30329489
     0.57057057    -0.43058671     0.42612840     0.30329595
     0.57157157    -0.42961085     0.42516059     0.30329701
     0.57257257    -0.42863466     0.42419244     0.30329807
     0.57357357    -0.42765815     0.42322396     0.30329914
     0.57457457    -0.42668130     0.42225516     0.30330022
     0.57557558    -0.42570414     0.42128604     0.30330131
     0.57657658    -0.42472666     0.42031660     0.30330240
     0.57757758    -0.42374887     0.41934685     0.30330350
     0.57857858    -0.42277077     0.41837679     0.30330460
     0.57957958    -0.42179236     0.41740642     0.30330572
     0.58058058    -0.42081364     0.41643575     0.30330684
     0.58158158    -0.41983463     0.41546477     0.30330796
     0.58258258    -0.41885531     0.41449350     0.30330910
     0.58358358    -0.41787570     0.41352193     0.30331024
     0.58458458    -0.41689579     0.41255007     0.30331138
     0.58558559    -0.41591560     0.41157792     0.30331254
     0.58658659    -0.41493512     0.41060548     0.30331370
     0.58758759    -0.41395436     0.40963275     0.30331487
     0.58858859    -0.41297331     0.40865975     0.30331604
     0.58958959    -0.41199199     0.40768647     0.30331722
     0.59059059    -0.41101039     0.40671291     0.30331841
     0.59159159    -0.41002851     0.40573908     0.30331961
     0.59259259    -0.40904637     0.40476498     0.30332081
     0.59359359    -0.40806396     0.40379061     0.30332203
     0.59459459    -0.40708129     0.40281597     0.30332324
     0.59559560    -0.40609835     0.40184108     0.30332447
     0.59659660    -0.40511515     0.40086592     0.30332570
     0.59759760    -0.40413170     0.39989051     0.30332695
     0.59859860    -0.40314799     0.39891484     0.30332819
     0.59959960    -0.40216403     0.39793893     0.30332945
     0.60060060    -0.40117982     0.39696276     0.30333072
     0.60160160    -0.40019536     0.39598634     0.30333199
     0.60260260    -0.39921066     0.39500968     0.30333327
     0.60360360    -0.39822572     0.39403278     0.30333455
     0.60460460    -0.39724054     0.39305564     0.30333585
     0.60560561    -0.39625512     0.39207826     0.30333715
     0.60660661    -0.39526946     0.39110065     0.30333846
     0.60760761    -0.39428358     0.39012280     0.30333978
     0.60860861    -0.39329746     0.38914473     0.30334111
     0.60960961    -0.39231111     0.38816643     0.30334244
     0.61061061    -0.39132454     0.38718790     0.30334378
     0.61161161    -0.39033775     0.38620914     0.30334513
     0.61261261    -0.38935073     0.38523017     0.30334649
     0.61361361    -0.38836350     0.38425098     0.30334786
     0.61461461    -0.38737605     0.38327157     0.30334924
     0.61561562    -0.38638838     0.38229195     0.30335062
     0.61661662    -0.38540051     0.38131211     0.30335201
     0.61761762    -0.38441242     0.38033206     0.30335341
     0.61861862    -0.38342412     0.37935181     0.30335482
     0.61961962    -0.38243562     0.37837135     0.30335624
     0.62062062    -0.38144691     0.37739068     0.30335767
     0.62162162    -0.38045800     0.37640981     0.30335910
     0.62262262    -0.37946889     0.37542875     0.30336054
     0.62362362    -0.37847959     0.37444748     0.30336200
     0.62462462    -0.37749008     0.37346602     0.30336346
     0.62562563    -0.37650039     0.37248436     0.30336493
     0.62662663    -0.37551050     0.37150252     0.30336641
     0.62762763    -0.37452042     0.37052048     0.30336790
     0.62862863    -0.37353015     0.36953825     0.30336939
     0.62962963    -0.37253969     0.36855584     0.30337090
     0.63063063    -0.37154906     0.36757324     0.30337242
     0.63163163    -0.37055823     0.36659046     0.30337394
     0.63263263    -0.36956723     0.36560750     0.30337548
     0.63363363    -0.36857605     0.36462436     0.30337702
     0.63463463    -0.36758469     0.36364104     0.30337857
     0.63563564    -0.36659315     0.36265754     0.30338014
     0.63663664    -0.36560144     0.36167387     0.30338171
     0.63763764    -0.36460956     0.36069003     0.30338329
     0.63863864    -0.36361751     0.35970602     0.30338488
     0.63963964    -0.36262529     0.35872184     0.30338649
     0.64064064    -0.36163290     0.35773750     0.30338810
     0.64164164    -0.36064035     0.35675299     0.30338972
     0.64264264    -0.35964763     0.35576831     0.30339135
     0.64364364    -0.35865475     0.35478347     0.30339299
     0.64464464    -0.35766171     0.35379847     0.30339464
     0.64564565    -0.35666851     0.35281332     0.30339631
     0.64664665    -0.35567515     0.35182800     0.30339798
     0.64764765    -0.35468164     0.35084253     0.30339966
     0.64864865    -0.35368798     0.34985691     0.30340136
     0.64964965    -0.35269416     0.34887113     0.30340306
     0.65065065    -0.35170019     0.34788520     0.30340478
     0.65165165    -0.35070607     0.34689912     0.30340650
     0.65265265    -0.34971180     0.34591290     0.30340824
     0.65365365    -0.34871738     0.34492652     0.30340999
     0.65465465    -0.34772282     0.34394000     0.30341174
     0.65565566    -0.34672812     0.34295334     0.30341351
     0.65665666    -0.34573327     0.34196654     0.30341530
     0.65765766    -0.34473829     0.34097959     0.30341709
     0.65865866    -0.34374316     0.33999251     0.30341889
     0.65965966    -0.34274790     0.33900528     0.30342071
     0.66066066    -0.34175249     0.33801792     0.30342253
     0.66166166    -0.34075696     0.33703043     0.30342437
     0.66266266    -0.33976129     0.33604280     0.30342622
     0.66366366    -0.33876548     0.33505504     0.30342808
     0.66466466    -0.33776955     0.33406714     0.30342996
     0.66566567    -0.33677348     0.33307912     0.30343184
     0.66666667    -0.33577729     0.33209097     0.30343374
     0.66766767    -0.33478097     0.33110269     0.30343565
     0.66866867    -0.33378452     0.33011428     0.30343757
     0.66966967    -0.33278795     0.32912575     0.30343951
     0.67067067    -0.33179125     0.32813709     0.30344146
     0.67167167    -0.33079443     0.32714832     0.30344342
     0.67267267    -0.32979749     0.32615942     0.30344539
     0.67367367    -0.32880043     0.32517040     0.30344737
     0.67467467    -0.32780325     0.32418126     0.30344937
     0.67567568    -0.32680596     0.32319201     0.30345138
     0.67667668    -0.32580854     0.32220263     0.30345341
     0.67767768    -0.32481101     0.32121315     0.30345545
     0.67867868    -0.32381337     0.32022354     0.30345750
     0.67967968    -0.32281561     0.31923383     0.30345957
     0.68068068    -0.32181775     0.31824400     0.30346165
     0.68168168    -0.32081977     0.31725407     0.30346374
     0.68268268    -0.31982168     0.31626402     0.30346585
     0.68368368    -0.31882348     0.31527386     0.30346797
     0.68468468    -0.31782518     0.31428360     0.30347010
     0.68568569    -0.31682676     0.31329323     0.30347225
     0.68668669    -0.31582825     0.31230275     0.30347442
     0.68768769    -0.31482963     0.31131217     0.30347659
     0.68868869    -0.31383090     0.31032149     0.30347879
     0.68968969    -0.31283207     0.30933070     0.30348100
     0.69069069    -0.31183315     0.30833982     0.30348322
     0.69169169    -0.31083412     0.30734883     0.30348546
     0.69269269    -0.30983499     0.30635774     0.30348771
     0.69369369    -0.30883576     0.30536656     0.30348998
     0.69469469    -0.30783644     0.30437528     0.30349226
     0.69569570    -0.30683702     0.30338390     0.30349456
     0.69669670    -0.30583751     0.30239243     0.30349688
     0.69769770    -0.30483790     0.30140086     0.30349921
     0.69869870    -0.30383819     0.30040920     0.30350156
     0.69969970    -0.30283840     0.29941744     0.30350392
     0.70070070    -0.30183851     0.29842560     0.30350630
     0.70170170    -0.30083853     0.29743366     0.30350870
     0.70270270    -0.29983846     0.29644163     0.30351112
     0.70370370    -0.29883831     0.29544952     0.30351355
     0.70470470    -0.29783806     0.29445731     0.30351600
     0.70570571    -0.29683773     0.29346502     0.30351846
     0.70670671    -0.29583731     0.29247265     0.30352095
     0.70770771    -0.29483681     0.29148018     0.30352345
     0.70870871    -0.29383622     0.29048764     0.30352596
     0.70970971    -0.29283555     0.28949501     0.30352850
     0.71071071    -0.29183479     0.28850229     0.30353106
     0.71171171    -0.29083396     0.28750950     0.30353363
     0.71271271    -0.28983304     0.28651662     0.30353622
     0.71371371    -0.28883204     0.28552366     0.30353883
     0.71471471    -0.28783096     0.28453063     0.30354146
     0.71571572    -0.28682980     0.28353751     0.30354411
     0.71671672    -0.28582857     0.28254432     0.30354678
     0.71771772    -0.28482726     0.28155105     0.30354946
     0.71871872    -0.28382587     0.28055770     0.30355217
     0.71971972    -0.28282440     0.27956427     0.30355490
     0.72072072    -0.28182286     0.27857078     0.30355764
     0.72172172    -0.28082125     0.27757720     0.30356041
     0.72272272    -0.27981956     0.27658356     0.30356320
     0.72372372    -0.27881780     0.27558984     0.30356601
     0.72472472    -0.27781597     0.27459605     0.30356883
     0.72572573    -0.27681406     0.27360218     0.30357169
     0.72672673    -0.27581209     0.27260825     0.30357456
     0.72772773    -0.27481004     0.27161425     0.30357745
     0.72872873    -0.27380793     0.27062017     0.30358037
     0.72972973    -0.27280575     0.26962603     0.30358330
     0.73073073    -0.27180350     0.26863182     0.30358626
     0.73173173    -0.27080118     0.26763755     0.30358925
     0.73273273    -0.26979879     0.26664321     0.30359225
     0.73373373    -0.26879634     0.26564880     0.30359528
     0.73473473    -0.26779383     0.26465432     0.30359833
     0.73573574    -0.26679125     0.26365978     0.30360141
     0.73673674    -0.26578861     0.26266518     0.30360451
     0.73773774    -0.26478590     0.26167052     0.30360763
     0.73873874    -0.26378313     0.26067579     0.30361078
     0.73973974    -0.26278030     0.25968100     0.30361395
     0.74074074    -0.26177741     0.25868615     0.30361715
     0.74174174    -0.26077445     0.25769123     0.30362037
     0.74274274    -0.25977144     0.25669626     0.30362362
     0.74374374    -0.25876836     0.25570123     0.30362690
     0.74474474    -0.25776523     0.25470614     0.30363020
     0.74574575    -0.25676204     0.25371099     0.30363352
     0.74674675    -0.25575879     0.25271578     0.30363688
     0.74774775    -0.25475549     0.25172052     0.30364026
     0.74874875    -0.25375212     0.25072520     0.30364367
     0.74974975    -0.25274870     0.24972982     0.30364710
     0.75075075    -0.25174523     0.24873439     0.30365057
     0.75175175    -0.25074170     0.24773890     0.30365406
     0.75275275    -0.24973812     0.24674336     0.30365758
     0.75375375    -0.24873448     0.24574776     0.30366113
     0.75475475    -0.24773079     0.24475211     0.30366471
     0.75575576    -0.24672704     0.24375641     0.30366832
     0.75675676    -0.24572325     0.24276065     0.30367196
     0.75775776    -0.24471940     0.24176484     0.30367563
     0.75875876    -0.24371550     0.24076899     0.30367933
     0.75975976    -0.24271155     0.23977308     0.30368306
     0.76076076    -0.24170755     0.23877712     0.30368683
     0.76176176    -0.24070350     0.23778111     0.30369062
     0.76276276    -0.23969940     0.23678505     0.30369445
     0.76376376    -0.23869525     0.23578895     0.30369831
     0.76476476    -0.23769105     0.23479279     0.30370221
     0.76576577    -0.23668681     0.23379659     0.30370614
     0.76676677    -0.23568252     0.23280034     0.30371010
     0.76776777    -0.23467818     0.23180404     0.30371409
     0.76876877    -0.23367380     0.23080770     0.30371813
     0.76976977    -0.23266936     0.22981131     0.30372219
     0.77077077    -0.23166489     0.22881487     0.30372630
     0.77177177    -0.23066037     0.22781839     0.30373044
     0.77277277    -0.22965580     0.22682187     0.30373461
     0.77377377    -0.22865119     0.22582530     0.30373883
     0.77477477    -0.22764654     0.22482869     0.30374308
     0.77577578    -0.22664184     0.22383203     0.30374737
     0.77677678    -0.22563710     0.22283533     0.30375170
     0.77777778    -0.22463232     0.22183859     0.30375607
     0.77877878    -0.22362749     0.22084181     0.30376048
     0.77977978    -0.22262263     0.21984498     0.30376493
     0.78078078    -0.22161772     0.21884812     0.30376941
     0.78178178    -0.22061277     0.21785121     0.30377395
     0.78278278    -0.21960779     0.21685427     0.30377852
     0.78378378    -0.21860276     0.21585728     0.30378314
     0.78478478    -0.21759769     0.21486025     0.30378780
     0.78578579    -0.21659258     0.21386319     0.30379250
     0.78678679    -0.21558744     0.21286608     0.30379725
     0.78778779    -0.21458225     0.21186894     0.30380204
     0.78878879    -0.21357703     0.21087176     0.30380688
     0.78978979    -0.21257177     0.20987454     0.30381176
     0.79079079    -0.21156648     0.20887729     0.30381670
     0.79179179    -0.21056114     0.20788000     0.30382168
     0.79279279    -0.20955577     0.20688267     0.30382670
     0.79379379    -0.20855037     0.20588530     0.30383178
     0.79479479    -0.20754493     0.20488790     0.30383691
     0.79579580    -0.20653945     0.20389047     0.30384209
     0.79679680    -0.20553394     0.20289300     0.30384732
     0.79779780    -0.20452839     0.20189549     0.30385260
     0.79879880    -0.20352281     0.20089795     0.30385793
     0.79979980    -0.20251719     0.19990038     0.30386332
     0.80080080    -0.20151154     0.19890277     0.30386876
     0.80180180    -0.20050586     0.19790513     0.30387426
     0.80280280    -0.19950015     0.19690745     0.30387982
     0.80380380    -0.19849440     0.19590975     0.30388543
     0.80480480    -0.19748862     0.19491201     0.30389110
     0.80580581    -0.19648280     0.19391424     0.30389682
     0.80680681    -0.19547696     0.19291643     0.30390261
     0.80780781    -0.19447109     0.19191860     0.30390846
     0.80880881    -0.19346518     0.19092073     0.30391437
     0.80980981    -0.19245924     0.18992284     0.30392034
     0.81081081    -0.19145327     0.18892491     0.30392637
     0.81181181    -0.19044728     0.18792696     0.30393247
     0.81281281    -0.18944125     0.18692897     0.30393864
     0.81381381    -0.18843519     0.18593095     0.30394487
     0.81481481    -0.18742910     0.18493291     0.30395117
     0.81581582    -0.18642299     0.18393483     0.30395754
     0.81681682    -0.18541684     0.18293673     0.30396398
     0.81781782    -0.18441067     0.18193860     0.30397048
     0.81881882    -0.18340447     0.18094044     0.30397706
     0.81981982    -0.18239824     0.17994225     0.30398372
     0.82082082    -0.18139198     0.17894404     0.30399045
     0.82182182    -0.18038570     0.17794579     0.30399725
     0.82282282    -0.17937939     0.17694752     0.30400414
     0.82382382    -0.17837305     0.17594923     0.30401110
     0.82482482    -0.17736669     0.17495091     0.30401814
     0.82582583    -0.17636030     0.17395256     0.30402526
     0.82682683    -0.17535388     0.17295418     0.30403246
     0.82782783    -0.17434744     0.17195578     0.30403975
     0.82882883    -0.17334097     0.17095736     0.30404712
     0.82982983    -0.17233448     0.16995890     0.30405458
     0.83083083    -0.17132796     0.16896043     0.30406213
     0.83183183    -0.17032142     0.16796193     0.30406977
     0.83283283    -0.16931485     0.16696340     0.30407750
     0.83383383    -0.16830826     0.16596485     0.30408532
     0.83483483    -0.16730165     0.16496628     0.30409324
     0.83583584    -0.16629501     0.16396768     0.30410126
     0.83683684    -0.16528835     0.16296906     0.30410937
     0.83783784    -0.16428166     0.16197042     0.30411759
     0.83883884    -0.16327495     0.16097175     0.30412590
     0.83983984    -0.16226822     0.15997306     0.30413432
     0.84084084    -0.16126147     0.15897435     0.30414285
     0.84184184    -0.16025469     0.15797561     0.30415149
     0.84284284    -0.15924789     0.15697686     0.30416023
     0.84384384    -0.15824107     0.15597808     0.30416909
     0.84484484    -0.15723423     0.15497928     0.30417806
     0.84584585    -0.15622737     0.15398046     0.30418715
     0.84684685    -0.15522049     0.15298161     0.30419636
     0.84784785    -0.15421358     0.15198275     0.30420568
     0.84884885    -0.15320665     0.15098386     0.30421514
     0.84984985    -0.15219971     0.14998496     0.30422471
     0.85085085    -0.15119274     0.14898603     0.30423442
     0.85185185    -0.15018575     0.14798709     0.30424426
     0.85285285    -0.14917874     0.14698812     0.30425423
     0.85385385    -0.14817172     0.14598913     0.30426434
     0.85485485    -0.14716467     0.14499013     0.30427459
     0.85585586    -0.14615760     0.14399110     0.30428498
     0.85685686    -0.14515052     0.14299206     0.30429552
     0.85785786    -0.14414341     0.14199300     0.30430620
     0.85885886    -0.14313629     0.14099391     0.30431704
     0.85985986    -0.14212915     0.13999481     0.30432803
     0.86086086    -0.14112199     0.13899569     0.30433918
     0.86186186    -0.14011481     0.13799656     0.30435049
     0.86286286    -0.13910761     0.13699740     0.30436196
     0.86386386    -0.13810040     0.13599823     0.30437361
     0.86486486    -0.13709316     0.13499904     0.30438542
     0.86586587    -0.13608591     0.13399983     0.30439742
     0.86686687    -0.13507865     0.13300060     0.30440959
     0.86786787    -0.13407136     0.13200136     0.30442195
     0.86886887    -0.13306406     0.13100210     0.30443450
     0.86986987    -0.13205674     0.13000282     0.30444724
     0.87087087    -0.13104940     0.12900353     0.30446017
     0.87187187    -0.13004205     0.12800421     0.30447331
     0.87287287    -0.12903468     0.12700489     0.30448666
     0.87387387    -0.12802730     0.12600554     0.30450022
     0.87487487    -0.12701990     0.12500618     0.30451399
     0.87587588    -0.12601248     0.12400681     0.30452799
     0.87687688    -0.12500505     0.12300742     0.30454221
     0.87787788    -0.12399760     0.12200801     0.30455667
     0.87887888    -0.12299014     0.12100859     0.30457136
     0.87987988    -0.12198266     0.12000915     0.30458630
     0.88088088    -0.12097517     0.11900970     0.30460149
     0.88188188    -0.11996766     0.11801023     0.30461694
     0.88288288    -0.11896013     0.11701075     0.30463265
     0.88388388    -0.11795260     0.11601125     0.30464864
     0.88488488    -0.11694504     0.11501174     0.30466490
     0.88588589    -0.11593748     0.11401222     0.30468144
     0.88688689    -0.11492989     0.11301268     0.30469828
     0.88788789    -0.11392230     0.11201312     0.30471542
     0.88888889    -0.11291469     0.11101355     0.30473287
     0.88988989    -0.11190707     0.11001397     0.30475063
     0.89089089    -0.11089943     0.10901438     0.30476872
     0.89189189    -0.10989178     0.10801477     0.30478714
     0.89289289    -0.10888411     0.10701514     0.30480591
     0.89389389    -0.10787644     0.10601551     0.30482503
     0.89489489    -0.10686875     0.10501586     0.30484451
     0.89589590    -0.10586104     0.10401620     0.30486437
     0.89689690    -0.10485333     0.10301652     0.30488462
     0.89789790    -0.10384560     0.10201684     0.30490525
     0.89889890    -0.10283786     0.10101713     0.30492630
     0.89989990    -0.10183010     0.10001742     0.30494777
     0.90090090    -0.10082234    0.099017697     0.30496967
     0.90190190   -0.099814557    0.098017960     0.30499202
     0.90290290   -0.098806766    0.097018210     0.30501482
     0.90390390   -0.097798963    0.096018448     0.30503810
     0.90490490   -0.096791148    0.095018675     0.30506187
     0.90590591   -0.095783322    0.094018890     0.30508615
     0.90690691   -0.094775483    0.093019093     0.30511095
     0.90790791   -0.093767634    0.092019284     0.30513628
     0.90890891   -0.092759772    0.091019465     0.30516217
     0.90990991   -0.091751900    0.090019633     0.30518863
     0.91091091   -0.090744016    0.089019791     0.30521569
     0.91191191   -0.089736121    0.088019938     0.30524336
     0.91291291   -0.088728216    0.087020073     0.30527166
     0.91391391   -0.087720299    0.086020198     0.30530062
     0.91491491   -0.086712372    0.085020312     0.30533026
     0.91591592   -0.085704434    0.084020415     0.30536061
     0.91691692   -0.084696485    0.083020508     0.30539168
     0.91791792   -0.083688526    0.082020590     0.30542351
     0.91891892   -0.082680556    0.081020662     0.30545612
     0.91991992   -0.081672577    0.080020724     0.30548955
     0.92092092   -0.080664587    0.079020776     0.30552382
     0.92192192   -0.079656587    0.078020817     0.30555897
     0.92292292   -0.078648578    0.077020849     0.30559502
     0.92392392   -0.077640558    0.076020871     0.30563203
     0.92492492   -0.076632529    0.075020883     0.30567001
     0.92592593   -0.075624490    0.074020885     0.30570902
     0.92692693   -0.074616441    0.073020878     0.30574910
     0.92792793   -0.073608384    0.072020862     0.30579029
     0.92892893   -0.072600316    0.071020836     0.30583263
     0.92992993   -0.071592240    0.070020801     0.30587618
     0.93093093   -0.070584154    0.069020756     0.30592098
     0.93193193   -0.069576059    0.068020703     0.30596710
     0.93293293   -0.068567956    0.067020640     0.30601459
     0.93393393   -0.067559843    0.066020569     0.30606352
     0.93493493   -0.066551722    0.065020489     0.30611394
     0.93593594   -0.065543591    0.064020400     0.30616593
     0.93693694   -0.064535453    0.063020303     0.30621957
     0.93793794   -0.063527305    0.062020197     0.30627494
     0.93893894   -0.062519149    0.061020082     0.30633211
     0.93993994   -0.061510985    0.060019960     0.30639118
     0.94094094   -0.060502813    0.059019828     0.30645224
     0.94194194   -0.059494632    0.058019689     0.30651540
     0.94294294   -0.058486443    0.057019542     0.30658077
     0.94394394   -0.057478246    0.056019386     0.30664846
     0.94494494   -0.056470042    0.055019223     0.30671860
     0.94594595   -0.055461829    0.054019051     0.30679133
     0.94694695   -0.054453608    0.053018872     0.30686679
     0.94794795   -0.053445380    0.052018685     0.30694514
     0.94894895   -0.052437144    0.051018491     0.30702654
     0.94994995   -0.051428901    0.050018288     0.30711119
     0.95095095   -0.050420650    0.049018079     0.30719928
     0.95195195   -0.049412391    0.048017862     0.30729101
     0.95295295   -0.048404125    0.047017637     0.30738663
     0.95395395   -0.047395852    0.046017406     0.30748639
     0.95495495   -0.046387572    0.045017167     0.30759055
     0.95595596   -0.045379285    0.044016921     0.30769943
     0.95695696   -0.044370990    0.043016667     0.30781334
     0.95795796   -0.043362689    0.042016407     0.30793264
     0.95895896   -0.042354380    0.041016140     0.30805772
     0.95995996   -0.041346065    0.040015866     0.30818903
     0.96096096   -0.040337743    0.039015586     0.30832702
     0.96196196   -0.039329414    0.038015298     0.30847223
     0.96296296   -0.038321079    0.037015004     0.30862523
     0.96396396   -0.037312737    0.036014703     0.30878668
     0.96496496   -0.036304388    0.035014396     0.30895729
     0.96596597   -0.035296033    0.034014083     0.30913786
     0.96696697   -0.034287672    0.033013763     0.30932930
     0.96796797   -0.033279304    0.032013436     0.30953260
     0.96896897   -0.032270930    0.031013104     0.30974892
     0.96996997   -0.031262550    0.030012765     0.30997955
     0.97097097   -0.030254164    0.029012420     0.31022594
     0.97197197   -0.029245771    0.028012069     0.31048978
     0.97297297   -0.028237373    0.027011712     0.31077298
     0.97397397   -0.027228968    0.026011349     0.31107776
     0.97497497   -0.026220558    0.025010980     0.31140669
     0.97597598   -0.025212142    0.024010605     0.31176274
     0.97697698   -0.024203720    0.023010224     0.31214943
     0.97797798   -0.023195292    0.022009838     0.31257088
     0.97897898   -0.022186859    0.021009446     0.31303200
     0.97997998   -0.021178420    0.020009048     0.31353867
     0.98098098   -0.020169976    0.019008645     0.31409798
     0.98198198   -0.019161526    0.018008237     0.31471859
     0.98298298   -0.018153070    0.017007822     0.31541118
     0.98398398   -0.017144609    0.016007403     0.31618902
     0.98498498   -0.016136143    0.015006978     0.31706889
     0.98598599   -0.015127672    0.014006548     0.31807228
     0.98698699   -0.014119195    0.013006113     0.31922716
     0.98798799   -0.013110713    0.012005672     0.32057066
     0.98898899   -0.012102226    0.011005227     0.32215308
     0.98998999   -0.011093734    0.010004776     0.32404442
     0.99099099   -0.010085237   0.0090043200     0.32634493
     0.99199199  -0.0090767348   0.0080038593     0.32920353
     0.99299299  -0.0080682278   0.0070033936     0.33285144
     0.99399399  -0.0070597159   0.0060029231     0.33766815
     0.99499499  -0.0060511992   0.0050024477     0.34432303
     0.99599600  -0.0050426776   0.0040019675     0.35411797
     0.99699700  -0.0040341514   0.0030014826     0.36996741
     0.99799800  -0.0030256205   0.0020009930     0.40002991
     0.99899900  -0.0020170849   0.0010004988     0.47944275
